node_dun_larach={
	location=1861
	color={
		110 95 65 
	}
	outgoing={
		name="node_tharbad"
		path={
			2487 2383 2382 2221 2215 2210 198 
		}
		control={
			1307.000000 1322.000000 
		}
	}
	outgoing={
		name="node_gap_of_rohan"
		path={
			2487 2383 2382 2221 2215 2210 198 
		}
		control={
			1311.000000 1303.000000 
		}
	}
	outgoing={
		name="node_ost_in_edhil"
		path={
			2487 2383 2382 2221 2215 2210 198 
		}
		control={
			1319.000000 1325.000000 
		}
	}
	members={
		376 377 378 1357 1358 1359 1385 1417 1431 1433 1434 1435 1436 1437 1444 1446 1447 1451 1452 1453 1454 1455 1457 1458 1459 1462 1464 1471 1472 1473 1474 1495 1506 1512 1861 1862 1946 1966 
	}
}

node_tharbad={
	location=170
	color={
		90 110 50 
	}
	outgoing={
		name="node_lond_daer"
		path={
			2487 2383 2382 2221 2215 2210 198 
		}
		control={
			1180.000000 1185.000000 1177.449951 1134.339966 1168.000000 1045.000000 1106.000000 987.000000 1157.000000 984.000000 1211.000000 998.000000 1257.000000 1002.000000 
		}
	}
	outgoing={
		name="node_ost_in_edhil"
		path={
			2487 2383 2382 2221 2215 2210 198 
		}
		control={
			1180.000000 1185.000000 1177.449951 1134.339966 1168.000000 1045.000000 1106.000000 987.000000 1157.000000 984.000000 1211.000000 998.000000 1257.000000 1002.000000 
		}
	}
	outgoing={
		name="node_metraith"
		path={
			2487 2383 2382 2221 2215 2210 198 
		}
		control={
			1180.000000 1185.000000 1177.449951 1134.339966 1168.000000 1045.000000 1106.000000 987.000000 1157.000000 984.000000 1211.000000 998.000000 1257.000000 1002.000000 
		}
	}
	members={
		158 159 161 162 163 170 174 284 286 369 677 1493 1501 1502 1503 1514 1640 1641 1798 1799 1800 1801 1803 1815 1856 2490 2491 3203 3208 3209 3442
	}
}

node_metraith={
	location=169
	color={
		205 190 105 
	}
	outgoing={
		name="node_annon_baran"
		path={
			2487 2383 2382 2221 2215 2210 198 
		}
		control={
			1180.000000 1185.000000 1177.449951 1134.339966 1168.000000 1045.000000 1106.000000 987.000000 1157.000000 984.000000 1211.000000 998.000000 1257.000000 1002.000000 
		}
	}
	outgoing={
		name="node_michel_delving"
		path={
			2487 2383 2382 2221 2215 2210 198 
		}
		control={
			1180.000000 1185.000000 1177.449951 1134.339966 1168.000000 1045.000000 1106.000000 987.000000 1157.000000 984.000000 1211.000000 998.000000 1257.000000 1002.000000 
		}
	}
	outgoing={
		name="node_bree"
		path={
			2487 2383 2382 2221 2215 2210 198 
		}
		control={
			1180.000000 1185.000000 1177.449951 1134.339966 1168.000000 1045.000000 1106.000000 987.000000 1157.000000 984.000000 1211.000000 998.000000 1257.000000 1002.000000 
		}
	}
	members={
		99 160 164 165 166 168 169 171 172 1496 1497 1498 1499 1505 1507 1802 1808 1810 1811 1812 1816 3204 3205 3206 3207 3431 3432 3434
	}
}

node_annon_baran={
	location=1805
	color={
		110 95 65 
	}
	outgoing={
		name="node_lond_daer"
		path={
			2487 2383 2382 2221 2215 2210 198 
		}
		control={
			1180.000000 1185.000000 1177.449951 1134.339966 1168.000000 1045.000000 1106.000000 987.000000 1157.000000 984.000000 1211.000000 998.000000 1257.000000 1002.000000 
		}
	}
	outgoing={
		name="node_grey_havens"
		path={
			2487 2383 2382 2221 2215 2210 198 
		}
		control={
			1180.000000 1185.000000 1177.449951 1134.339966 1168.000000 1045.000000 1106.000000 987.000000 1157.000000 984.000000 1211.000000 998.000000 1257.000000 1002.000000 
		}
	}
	outgoing={
		name="node_khazad_zahar"
		path={
			2487 2383 2382 2221 2215 2210 198 
		}
		control={
			1180.000000 1185.000000 1177.449951 1134.339966 1168.000000 1045.000000 1106.000000 987.000000 1157.000000 984.000000 1211.000000 998.000000 1257.000000 1002.000000 
		}
	}
	members={
		97 98 101 333 334 335 336 339 415 416 646 653 657 854 1060 1061 1087 1095 1405 1788 1789 1790 1791 1805 1809 2386 2387 2388 2389 2390 2467 2469 2493 2494 3435
	}
}

node_khazad_zahar={
	location=743
	color={
		255 210 0 
	}
	outgoing={
		name="node_grey_havens"
		path={
			2487 2383 2382 2221 2215 2210 198 
		}
		control={
			1180.000000 1185.000000 1177.449951 1134.339966 1168.000000 1045.000000 1106.000000 987.000000 1157.000000 984.000000 1211.000000 998.000000 1257.000000 1002.000000 
		}
	}
	members={
		79 337 338 414 656 658 669 743 851 1813 1814 3202 3433 3457 3458
	}
}

node_ost_in_edhil={
	location=285
	color={
		45 35 30 
	}
	outgoing={
		name="node_moria"
		path={
			2487 2383 2382 2221 2215 2210 198 
		}
		control={
			1433.000000 1423.000000 
		}
	}
	outgoing={
		name="node_fennas_drunin"
		path={
			2487 2383 2382 2221 2215 2210 198 
		}
		control={
			1420.000000 1420.000000 
		}
	}
	members={
		282 283 285 288 1294 1367 1370 1467 1468 1469 1475 1476 1477 1584 1588 1590 1591 1598 1855 1860 1867 1868 1872 1873 2492 
	}
}

node_cameth_brin={
	location=365
	inland=yes
	color={
		140 35 30 
	}
	outgoing={
		name="node_fennas_drunin"
		path={
			2487 2383 2382 2221 2215 2210 198 
		}
		control={
			1180.000000 1185.000000 1177.449951 1134.339966 1168.000000 1045.000000 1106.000000 987.000000 1157.000000 984.000000 1211.000000 998.000000 1257.000000 1002.000000 
		}
	}
	outgoing={
		name="node_goblin_town"
		path={
			2487 2383 2382 2221 2215 2210 198 
		}
		control={
			1180.000000 1185.000000 1177.449951 1134.339966 1168.000000 1045.000000 1106.000000 987.000000 1157.000000 984.000000 1211.000000 998.000000 1257.000000 1002.000000 
		}
	}
	outgoing={
		name="node_fornost"
		path={
			2487 2383 2382 2221 2215 2210 198 
		}
		control={
			1180.000000 1185.000000 1177.449951 1134.339966 1168.000000 1045.000000 1106.000000 987.000000 1157.000000 984.000000 1211.000000 998.000000 1257.000000 1002.000000 
		}
	}
	members={
		256 257 292 293 294 295 302 359 365 367 368 375 384 385 387 412 674 1360 1391 1423 1445 1821 1822 1823 1824 1826 1830 1858 2157 3347 3450 3451 3452 3453 3454 3455
	}
}

node_goblin_town={
	location=558
	inland=yes
	color={
		80 75 75 
	}
	outgoing={
		name="node_maethelburg"
		path={
			2487 2383 2382 2221 2215 2210 198 
		}
		control={
			1180.000000 1185.000000 1177.449951 1134.339966 1168.000000 1045.000000 1106.000000 987.000000 1157.000000 984.000000 1211.000000 998.000000 1257.000000 1002.000000 
		}
	}
	members={
		363 558 741 791 1126 1127 1128 1129 1390 1392 1393 1396 1397 1416 1419 1420 1422 1875 3168 
	}
}

node_carn_dum={
	location=610
	inland=yes
	color={
		170 25 25 
	}
	outgoing={
		name="node_gundabad"
		path={
			2487 2383 2382 2221 2215 2210 198 
		}
		control={
			1180.000000 1185.000000 1177.449951 1134.339966 1168.000000 1045.000000 1106.000000 987.000000 1157.000000 984.000000 1211.000000 998.000000 1257.000000 1002.000000 
		}
	}
	outgoing={
		name="node_pitkaranta"
		path={
			2487 2383 2382 2221 2215 2210 198 
		}
		control={
			1180.000000 1185.000000 1177.449951 1134.339966 1168.000000 1045.000000 1106.000000 987.000000 1157.000000 984.000000 1211.000000 998.000000 1257.000000 1002.000000 
		}
	}
	members={
		401 605 606 607 608 609 610 611 613 615 687 1381 1382 1388 1438 1439 1482 1593 1827 1828 1892 1956 1957 1958 1960 1962 3418 3419 3420 3448 3449 3456 
	}
}

node_gundabad={
	location=628
	inland=yes
	color={
		110 80 65
	}
	outgoing={
		name="node_maethelburg"
		path={
			2487 2383 2382 2221 2215 2210 198 
		}
		control={
			1180.000000 1185.000000 1177.449951 1134.339966 1168.000000 1045.000000 1106.000000 987.000000 1157.000000 984.000000 1211.000000 998.000000 1257.000000 1002.000000 
		}
	}
	members={
		409 612 620 628 640 680 681 682 688 689 730 1130 1386 1427 1485 1486 1488 1489 1820 1829 1888 1889 1894 1959 3417
	}
}

node_maethelburg={
	location=394
	color={
		75 95 90 
	}
	outgoing={
		name="node_woodsmen_town"
		path={
			2487 2383 2382 2221 2215 2210 198 
		}
		control={
			1783.000000 1611.000000 
		}
	}
	outgoing={
		name="node_dains_halls"
		path={
			2487 2383 2382 2221 2215 2210 198 
		}
		control={
			1782.000000 1632.000000 
		}
	}
	members={
		319 394 395 396 407 408 672 673 683 685 686 705 746 787 1874 1876 1886 1887 1890 1893 1898 2482 3154 3160 3169 3170 3172 3185 3314 3413 3412 3415 3416 
	}
}

node_dains_halls={
	location=663
	inland=yes
	color={
		75 95 90 
	}
	outgoing={
		name="node_erebor"
		path={
			2487 2383 2382 2221 2215 2210 198 
		}
		control={
			1860.000000 1702.000000 
		}
	}
	outgoing={
		name="node_azanulimbar_dum"
		path={
			2487 2383 2382 2221 2215 2210 198 
		}
		control={
			1860.000000 1702.000000 
		}
	}
	members={
		410 614 617 618 619 662 663 664 678 707 752 849 866 882 1139 1145 1148 1149 1150 1158 1159 1160 1825 1885 1891 1896 1990 3171 3177 3179 3181 3182 3183 3184 3414 
	}
}

node_woodsmen_town={
	location=406
	color={
		255 0 0 
	}
	outgoing={
		name="node_dol_guldur"
		path={
			573 48 46 47 3054 51 418 2481 419 1 413 
		}
		control={
			1829.000000 1505.000000 
		}
	}
	outgoing={
		name="node_lake_town"
		path={
			573 48 46 47 3054 51 418 2481 419 1 413 
		}
		control={
			1829.000000 1505.000000 
		}
	}
	members={
		267 309 313 318 390 391 393 405 406 684 742 1140 1879 1880 1881 1882 1883 1884 1905 1911 1912 2485 3186 3187 3188 
	}
}

node_hyvat_kalat={
	location=1157
	inland=yes
	color={
		140 35 30 
	}
	outgoing={
		name="node_veistyl_muurit"
		path={
			2487 2383 2382 2221 2215 2210 198 
		}
		control={
			1180.000000 1185.000000 1177.449951 1134.339966 1168.000000 1045.000000 1106.000000 987.000000 1157.000000 984.000000 1211.000000 998.000000 1257.000000 1002.000000 
		}
	}
	outgoing={
		name="node_yjuvit"
		path={
			2487 2383 2382 2221 2215 2210 198 
		}
		control={
			1180.000000 1185.000000 1177.449951 1134.339966 1168.000000 1045.000000 1106.000000 987.000000 1157.000000 984.000000 1211.000000 998.000000 1257.000000 1002.000000 
		}
	}
	members={
		862 877 879 1143 1157 1166 2761 2762 2763 3312 3313
	}
}

node_veistyl_muurit={
	location=1619
	color={
		0 135 255 
	}
	outgoing={
		name="node_pitkaranta"
		path={
			2487 2383 2382 2221 2215 2210 198 
		}
		control={
			1180.000000 1185.000000 1177.449951 1134.339966 1168.000000 1045.000000 1106.000000 987.000000 1157.000000 984.000000 1211.000000 998.000000 1257.000000 1002.000000 
		}
	}
	outgoing={
		name="node_mulkan_kaupunki"
		path={
			2487 2383 2382 2221 2215 2210 198 
		}
		control={
			1180.000000 1185.000000 1177.449951 1134.339966 1168.000000 1045.000000 1106.000000 987.000000 1157.000000 984.000000 1211.000000 998.000000 1257.000000 1002.000000 
		}
	}
	members={
		 892 893 894 896 897 1151 1152 1153 1154 1155 1156 1167 1225 1226 1229 1556 1557 1618 1619 2413 2414 2415 2416 2417 2418 2419 2420 2421 2422 2423 2424 2425 2427 2431 2760 3309 3310 3311 3338 
	}
}

node_pitkaranta={
	location=1963
	color={
		140 35 30 
	}
	outgoing={
		name="node_mulkan_kaupunki"
		path={
			2487 2383 2382 2221 2215 2210 198 
		}
		control={
			1180.000000 1185.000000 1177.449951 1134.339966 1168.000000 1045.000000 1106.000000 987.000000 1157.000000 984.000000 1211.000000 998.000000 1257.000000 1002.000000 
		}
	}
	members={
		651 652 1570 1577 1963 1964 1965 2411 2412 2757 2759 
	}
}

node_mulkan_kaupunki={
	location=358
	color={
		140 35 30 
	}
	outgoing={
		name="node_nan_i_naugrim"
		path={
			2487 2383 2382 2221 2215 2210 198 
		}
		control={
			1180.000000 1185.000000 1177.449951 1134.339966 1168.000000 1045.000000 1106.000000 987.000000 1157.000000 984.000000 1211.000000 998.000000 1257.000000 1002.000000 
		}
	}
	outgoing={
		name="node_londolas"
		path={
			2487 2383 2382 2221 2215 2210 198 
		}
		control={
			1180.000000 1185.000000 1177.449951 1134.339966 1168.000000 1045.000000 1106.000000 987.000000 1157.000000 984.000000 1211.000000 998.000000 1257.000000 1002.000000 
		}
	}
	members={
		102 234 242 246 258 296 358 1047 1142 1575 1863 2406 2407 2408 2409 2410 2433 2435 2436 2439 2758 3423
	}
}

node_londolas={
	location=349
	color={
		185 25 25 
	}
	outgoing={
		name="node_grey_havens"
		path={
			2487 2383 2382 2221 2215 2210 198 
		}
		control={
			1180.000000 1185.000000 1177.449951 1134.339966 1168.000000 1045.000000 1106.000000 987.000000 1157.000000 984.000000 1211.000000 998.000000 1257.000000 1002.000000 
		}
	}
	members={
		345 347 348 349 350 351 355 645 666 679 1059 1063 1065 1066 1070 1093 1343 1344 1356 1387 1395 1398 2396 2397 2398 2399 2400 2401 2402 2403 2404 2405 2440 2447 2448 2449 2450 2451 2452 2453 2454 2455 2462 
	}
}

node_nan_i_naugrim={
	location=353
	inland=yes
	color={
		240 165 10 
	}
	outgoing={
		name="node_caras_celairnen"
		path={
			2487 2383 2382 2221 2215 2210 198 
		}
		control={
			1180.000000 1185.000000 1177.449951 1134.339966 1168.000000 1045.000000 1106.000000 987.000000 1157.000000 984.000000 1211.000000 998.000000 1257.000000 1002.000000 
		}
	}
	members={
		235 236 237 352 353 354 356 372 650 1050 1053 1054 1056 1057 1064 1084 1086 1091 1144 3196 
	}
}

node_caras_celairnen={
	location=243
	color={
		140 35 30 
	}
	outgoing={
		name="node_annuminas"
		path={
			2487 2383 2382 2221 2215 2210 198 
		}
		control={
			1180.000000 1185.000000 1177.449951 1134.339966 1168.000000 1045.000000 1106.000000 987.000000 1157.000000 984.000000 1211.000000 998.000000 1257.000000 1002.000000 
		}
	}
	members={
		239 240 241 243 245 252 373 374 1847 1850 1851 1852 3424 3425
	}
}

node_annuminas={
	location=644
	color={
		140 35 30 
	}
	outgoing={
		name="node_fornost"
		path={
			2487 2383 2382 2221 2215 2210 198 
		}
		control={
			1180.000000 1185.000000 1177.449951 1134.339966 1168.000000 1045.000000 1106.000000 987.000000 1157.000000 984.000000 1211.000000 998.000000 1257.000000 1002.000000 
		}
	}
	outgoing={
		name="node_michel_delving"
		path={
			2487 2383 2382 2221 2215 2210 198 
		}
		control={
			1180.000000 1185.000000 1177.449951 1134.339966 1168.000000 1045.000000 1106.000000 987.000000 1157.000000 984.000000 1211.000000 998.000000 1257.000000 1002.000000 
		}
	}
	members={
		95 244 247 248 249 250 251 253 255 379 644 1597 1841 1843 1844 1845 1846 1848 1849 1853 1854 2170 2497 3197 3198 3422 3426 3427 
	}
}

node_fornost={
	location=266
	color={
		90 10 10
	}
	outgoing={
		name="node_bree"
		path={
			2487 2383 2382 2221 2215 2210 198 
		}
		control={
			1180.000000 1185.000000 1177.449951 1134.339966 1168.000000 1045.000000 1106.000000 987.000000 1157.000000 984.000000 1211.000000 998.000000 1257.000000 1002.000000 
		}
	}
	members={
		104 175 254 265 266 297 381 1389 1576 1578 1581 1592 1594 1595 1596 1832 1837 1838 1839 1840 1842 1961 3199 3200 3201 3428 3429  3447
	}
}

node_michel_delving={
	location=94
	color={
		100 110 50 
	}
	outgoing={
		name="node_bree"
		path={
			2487 2383 2382 2221 2215 2210 198 
		}
		control={
			1180.000000 1185.000000 1177.449951 1134.339966 1168.000000 1045.000000 1106.000000 987.000000 1157.000000 984.000000 1211.000000 998.000000 1257.000000 1002.000000 
		}
	}
	outgoing={
		name="node_grey_havens"
		path={
			2487 2383 2382 2221 2215 2210 198 
		}
		control={
			1180.000000 1185.000000 1177.449951 1134.339966 1168.000000 1045.000000 1106.000000 987.000000 1157.000000 984.000000 1211.000000 998.000000 1257.000000 1002.000000 
		}
	}
	members={
		72 73 74 75 76 77 78 80 81 82 83 84 85 86 87 88 89 90 91 92 93 94 340 643 648 649 670 671 1804 2495 2496 
	}
}

node_grey_havens={
	location=642
	color={
		160 160 160 
	}
	members={
		328 329 330 331 332 341 342 343 344 346 357 642 852 853 855 856 857 858 1051 1052 1055 1058 1062 1067 1068 1069 1082 1083 1085 1088 1089 1090 1092 1094 1096 1400 1404 2391 2392 2393 2394 2395 2463 2466 
	}
	end=yes
}

node_bree={
	location=263
	color={
		140 35 30 
	}
	outgoing={
		name="node_fennas_drunin"
		path={
			2487 2383 2382 2221 2215 2210 198 
		}
		control={
			1180.000000 1185.000000 1177.449951 1134.339966 1168.000000 1045.000000 1106.000000 987.000000 1157.000000 984.000000 1211.000000 998.000000 1257.000000 1002.000000 
		}
	}
	members={
		96 103 105 107 167 173 229 259 260 261 262 263 264 299 300 1580 1817 1831 1833 1834 1835 1836 3210 3430
	}
}

node_fennas_drunin={
	location=1818
	color={
		130 210 130 
	}
	members={
		106 226 227 232 291 298 301 362 364 371 383 386 1394 1442 1582 1583 1587 1589 1590 1591 1679 1681 1818 1819 2492 3444 3445 3446 3448 
	}
	end=yes
}

node_moria={
	location=740
	inland=yes
	color={
		70 60 60 
	}
	outgoing={
		name="node_caras_galadhon"
		path={
			2487 2383 2382 2221 2215 2210 198 
		}
		control={
			1566.000000 1456.000000 
		}
	}
	members={
		281 290 559 660 676 739 740 1146 1147 1365 1369 1368 1678 1866 1869 1870 1871 3227 
	}
}

node_lond_daer={
	location=153
	color={
		245 230 10 
	}
	outgoing={
		name="node_lond_angren"
		path={
			2487 2383 2382 2221 2215 2210 198 
		}
		control={
			1180.000000 1185.000000 1177.449951 1134.339966 1168.000000 1045.000000 1106.000000 987.000000 1157.000000 984.000000 1211.000000 998.000000 1257.000000 1002.000000 
		}
	}
	members={
		100 152 153 154 155 156 157 366 1406 1407 1415 1424 1450 1491 1492 1494 1500 1792 1793 1794 1795 1796 1797 1806 1807 1857 1859 1865 2384 2385 2470 2471 2489 3194 3195 3321 3322 3323 3324 3325 3326 3327 3436 3437 3438 3439 3443 3448 3440 3441
	}
}

node_lond_angren={
	location=370
	color={
		150 190 180 
	}
	outgoing={
		name="node_annulond"
		path={
			2487 2383 2382 2221 2215 2210 198 3077 
		}
		control={
			1180.000000 1185.000000 1177.449951 1134.339966 1168.000000 1045.000000 1106.000000 987.000000 1157.000000 984.000000 1211.000000 998.000000 1257.000000 1002.000000 
		}
	}
	outgoing={
		name="node_gap_of_rohan"
		path={
			2487 3319 1412 1316 1315 3129 120 3130 3223 119 
		}
		control={
			1257.000000 1218.000000 1290.000000 1208.000000 1310.000000 1217.000000 1324.000000 1233.000000 1372.000000 1249.000000 1412.000000 1258.000000 
		}
	}
	members={
		177 179 180 182 183 184 229 230 388 981 1308 1310 1311 1312 1313 1314 1315 1316 1418 1421 1443 1449 1490 1510 370 2221 2365 2382 2383 2472 2487 2488 3189 3190 3191 3318 3319 3320 
	}
}

node_gap_of_rohan={
	location=119
	color={
		35 160 65 
	}
	outgoing={
		name="node_edoras"
		path={
			1025 3133 118 117 114 
		}
		control={
			1436.000000 1273.000000 1484.000000 1267.000000 1511.000000 1260.000000 
		}
	}
	members={
		117 118 120 121 223 224 225 228 380 382 654 738 744 980 1025 1026 1448 1460 1470 1585 1864 2168 119 3128 3129 3130 3131 3132 3133 3134 3137 3138 3149 3192 3193 3223 3224 
	}
}

node_edoras={
	location=114
	color={
		55 180 85 
	}
	outgoing={
		name="node_minas_tirith"
		path={
			111 3315 3144 274 110 116 3145 109 69 67 6 8 44 1 413 
		}
		control={
			1601.000000 1251.000000 1647.000000 1236.000000 1666.000000 1221.000000 1712.000000 1227.000000 1739.000000 1196.000000 1778.000000 1200.000000 1802.000000 1190.000000 1831.000000 1178.000000 1844.000000 1168.000000 
		}
	}
	members={
		109 110 111 112 113 114 115 116 189 190 191 192 270 271 272 273 274 275 278 661 1001 1024 1043 1044 1045 1046 1048 1049 1642 2184 2187 2482 3135 3139 3140 3141 3142 3143 3144 3145 3146 3147 3148 3136 3217 3218 3219 3315 3330 
	}
}

node_den_nurn={
	location=326
	inland=yes
	color={
		180 85 15 
	}
	outgoing={
		name="node_barad_dur"
		path={
			3041 325 639 
		}
		control={
			2021.000000 1124.000000 2024.000000 1152.000000 
		}
	}
	outgoing={
		name="node_sturlurtsa_nurn"
		path={
			542 539 433 
		}
		control={
			2025.000000 1084.000000 2084.000000 1073.000000 2133.000000 1063.000000 
		}
	}
	members={
		326 431 432 445 446 542 543 544 545 548 1005 1006 1607 1634 1687 1750 3020 3022 3023 3024 3035 3036 3042 3043 3046 
	}
}

node_sturlurtsa_nurn={
	location=433
	inland=yes
	color={
		130 100 70 
	}
	outgoing={
		name="node_obamarl"
		path={
			1744 1735 1731 622 1292 435 434 
		}
		control={
			2254.000000 1086.000000 2282.000000 1085.000000 2307.000000 1065.000000 2330.000000 1058.000000 2340.000000 1047.000000 2348.000000 1012.000000 
		}
	}
	members={
		433 436 539 546 547 621 622 623 624 627 1003 1606 1610 1686 1692 1730 1731 1734 1735 1736 1737 1738 1744 3025 3026 
	}
}

node_talazhan={
	location=480
	inland=yes
	color={
		125 0 0 
	}
	outgoing={
		name="node_amrun"
		path={
			462 460 1762 
		}
		control={
			2082.000000 794.000000 2046.000000 797.000000 2013.000000 798.000000 1976.000000 817.000000 
		}
	}
	members={
		444 461 462 466 478 480 482 484 490 889 1363 1364 1377 1384 1440 1617 1764 1779 3271 3328 3329 3333 
	}
}

node_amrun={
	location=1762
	inland=yes
	color={
		175 45 55 
	}
	outgoing={
		name="node_gobel_ancalimon"
		path={
			140 3253 3252 139 145 
		}
		control={
			1930.000000 821.000000 1906.000000 823.000000 1879.000000 815.000000 1843.000000 837.000000 1805.000000 854.000000 
		}
	}
	outgoing={
		name="node_obamarl"
		path={
			460 723 434 
		}
		control={
			1966.000000 846.000000 1977.000000 865.000000 2008.000000 883.000000 2065.000000 886.000000 2118.000000 891.000000 2179.000000 896.000000 2234.000000 899.000000 2279.000000 919.000000 2301.000000 937.000000 2319.000000 954.000000 2319.000000 954.000000 
		}
	}
	members={
		140 142 448 449 450 451 453 454 456 460 463 464 447 540 541 874 1217 1383 1483 1762 1763 1765 3251 3254 3260 3262 3263 3264 3265 3266 3268 3269 3272 3273 3306 3307 3308 3332 
	}
}

node_gobel_ancalimon={
	location=145
	color={
		120 140 105 
	}
	outgoing={
		name="node_minas_tirith"
		path={
			1785 3232 458 3234 134 132 3297 125 61 60 3062 58 3060 56 3057 53 52 418 2481 419 1 413 
		}
		control={
			1772.000000 866.000000 1763.000000 889.000000 1767.000000 910.000000 1805.000000 916.000000 1848.000000 916.000000 1856.000000 937.000000 1871.000000 955.000000 1866.000000 973.000000 1851.000000 991.000000 1852.000000 1015.000000 1855.000000 1036.000000 1852.000000 1053.000000 1847.000000 1065.000000 1854.000000 1080.000000 1861.000000 1101.000000 1869.000000 1115.000000 1883.000000 1135.000000 1871.000000 1148.000000 1863.000000 1153.000000 1855.000000 1156.000000 1849.000000 1156.000000 1840.000000 1158.000000 1840.000000 1158.000000 
		}
	}
	outgoing={
		name="node_gobel_mirlond"
		path={
			1785 131 3301 2188 130 
		}
		control={
			1756.000000 851.000000 1723.000000 859.000000 1708.000000 863.000000 1685.000000 872.000000 1649.000000 866.000000 
		}
	}
	outgoing={
		name="node_umbar"
		path={
			3258 475 3259 471 472 473 425 1771 421 
		}
		control={
			1719.000000 845.000000 1698.000000 833.000000 1668.000000 821.000000 1602.000000 781.000000 1585.880005 754.570007 1587.000000 738.000000 1611.000000 736.000000 1610.000000 726.000000 
		}
	}
	members={
		124 125 126 131 132 133 134 137 138 139 141 144 145 458 459 475 1182 1211 1219 1220 1221 1751 1754 1785 3021 3228 3232 3233 3234 3235 3236 3237 3238 3239 3240 3245 3246 3247 3248 3249 3250 3252 3253 3255 3256 3257 3258 3261 3270 3274 3277 3296 3297 3298 3299 3301 3303 3305 3343 
	}
}

node_dusalan={
	location=518
	color={
		220 220 115 
	}
	outgoing={
		name="node_umbar"
		path={
			1785 458 459 134 132 125 61 60 3062 58 3060 56 3057 53 52 418 419 1 413 
		}
		control={
			1809.199951 1089.310059 1813.000000 1116.000000 1829.000000 1131.000000 1836.000000 1142.000000 
		}
	}
	outgoing={
		name="node_nykkea"
		path={
			1785 458 459 134 132 125 61 60 3062 58 3060 56 3057 53 52 418 419 1 413 
		}
		control={
			1809.199951 1089.310059 1813.000000 1116.000000 1829.000000 1131.000000 1836.000000 1142.000000 
		}
	}
	members={
		430 488 517 518 521 522 749 868 1296 1331 1332 1478 1776 2194 2195 2218 2219 2251 2254 2339 3096 3098 3099 3100 3101 3102 3292 3293 3294 
	}
}

node_nykkea={
	location=513
	color={
		245 245 245 
	}
	outgoing={
		name="node_hazaj_tollin"
		path={
			1785 458 459 134 132 125 61 60 3062 58 3060 56 3057 53 52 418 419 1 413 
		}
		control={
			1809.199951 1089.310059 1813.000000 1116.000000 1829.000000 1131.000000 1836.000000 1142.000000 
		}
	}
	members={
		494 496 497 506 507 513 516 1188 1777 2224 2252 2253 3097 3103 3122 3123 
	}
}

node_sud_sicanna={
	location=1071
	inland=yes
	color={
		180 5 65 
	}
	outgoing={
		name="node_hazaj_tollin"
		path={
			1785 458 459 134 132 125 61 60 3062 58 3060 56 3057 53 52 418 419 1 413 
		}
		control={
			1809.199951 1089.310059 1813.000000 1116.000000 1829.000000 1131.000000 1836.000000 1142.000000 
		}
	}
	outgoing={
		name="node_bozisha_dar"
		path={
			1785 458 459 134 132 125 61 60 3062 58 3060 56 3057 53 52 418 419 1 413 
		}
		control={
			1809.199951 1089.310059 1813.000000 1116.000000 1829.000000 1131.000000 1836.000000 1142.000000 
		}
	}
	outgoing={
		name="node_tul_poac"
		path={
			1785 458 459 134 132 125 61 60 3062 58 3060 56 3057 53 52 418 419 1 413 
		}
		control={
			1809.199951 1089.310059 1813.000000 1116.000000 1829.000000 1131.000000 1836.000000 1142.000000 
		}
	}
	members={
		635 842 888 1071 1072 1098 1101 1184 1329 3350 
	}
}

node_tul_poac={
	location=441
	inland=yes
	color={
		250 175 50 
	}
	outgoing={
		name="node_xyunai"
		path={
			23 26 995 
		}
		control={
			1751.000000 1043.000000 1714.000000 1038.000000 1676.000000 1057.000000 1628.000000 1075.000000 
		}
	}
	outgoing={
		name="node_tartaust"
		path={
			23 26 995 
		}
		control={
			1751.000000 1043.000000 1714.000000 1038.000000 1676.000000 1057.000000 1628.000000 1075.000000 
		}
	}
	outgoing={
		name="node_tul_isra"
		path={
			23 26 995 
		}
		control={
			1751.000000 1043.000000 1714.000000 1038.000000 1676.000000 1057.000000 1628.000000 1075.000000 
		}
	}
	members={
		441 758 788 794 881 884 1295 1402 1531 1784 2756 
	}
}

node_tanturak={
	location=1174
	color={
		110 20 45 
	}
	outgoing={
		name="node_khorsaj"
		path={
			1785 458 459 134 132 125 61 60 3062 58 3060 56 3057 53 52 418 419 1 413 
		}
		control={
			1809.199951 1089.310059 1813.000000 1116.000000 1829.000000 1131.000000 1836.000000 1142.000000 
		}
	}
	members={
		1172 1174 1175 1176 1177 1178 1203 1204 1205 1206 1207 1230 1234 1236 1238 1239 1240 1484 1519 1525 1528 1529 1697 1698 3354
	}
}

node_tartaust={
	location=870
	inland=yes
	color={
		250 175 50 
	}
	outgoing={
		name="node_khorsaj"
		path={
			23 26 995 
		}
		control={
			1751.000000 1043.000000 1714.000000 1038.000000 1676.000000 1057.000000 1628.000000 1075.000000 
		}
	}
	outgoing={
		name="node_tul_isra"
		path={
			23 26 995 
		}
		control={
			1751.000000 1043.000000 1714.000000 1038.000000 1676.000000 1057.000000 1628.000000 1075.000000 
		}
	}
	members={
		869 870 871 880 1173 1214 1232 1233 1560
	}
}

node_tul_isra={
	location=523
	inland=yes
	color={
		220 175 255 
	}
	outgoing={
		name="node_tul_harar"
		path={
			23 26 995 
		}
		control={
			1751.000000 1043.000000 1714.000000 1038.000000 1676.000000 1057.000000 1628.000000 1075.000000 
		}
	}
	members={
		532 638 737 765 1196 1202 1212 1231 1235 1237 1238 1239 1241 1242 1243 1244 1271 1272 1504 1530 1533 1562 3226 523 
	}
}

node_khorsaj={
	location=1132
	color={
		110 20 45 
	}
	outgoing={
		name="node_korlea"
		path={
			1785 458 459 134 132 125 61 60 3062 58 3060 56 3057 53 52 418 419 1 413 
		}
		control={
			1809.199951 1089.310059 1813.000000 1116.000000 1829.000000 1131.000000 1836.000000 1142.000000 
		}
	}
	outgoing={
		name="node_bozisha_dar"
		path={
			1785 458 459 134 132 125 61 60 3062 58 3060 56 3057 53 52 418 419 1 413 
		}
		control={
			1809.199951 1089.310059 1813.000000 1116.000000 1829.000000 1131.000000 1836.000000 1142.000000 
		}
	}
	outgoing={
		name="node_zadan_an-adun"
		path={
			1785 458 459 134 132 125 61 60 3062 58 3060 56 3057 53 52 418 419 1 413 
		}
		control={
			1809.199951 1089.310059 1813.000000 1116.000000 1829.000000 1131.000000 1836.000000 1142.000000 
		}
	}
	members={
		  1109 1115 1116 1117 1118 1119 1120 1124 1125 1131 1132 1135 1136 1137 1138 1141 1224 1309 2235 2236 2237 3107 3109 3351 3352 3383 3384
	}
}

node_zadan_an-adun={
	location=1224
	color={
		15 10 55
	}
	outgoing={
		name="node_korlea"
		path={
			1785 458 459 134 132 125 61 60 3062 58 3060 56 3057 53 52 418 419 1 413 
		}
		control={
			1809.199951 1089.310059 1813.000000 1116.000000 1829.000000 1131.000000 1836.000000 1142.000000 
		}
	}
	members={
		890 906 1110 1113 1114 1121 1122 1123 1223 1224 1270 1307 2239 2240 2241 2242 2243 3105 3106 3108 3331
	}
}

node_bozisha_dar={
	location=1107
	color={
		50 95 50 
	}
	outgoing={
		name="node_niluloni"
		path={
			1785 458 459 134 132 125 61 60 3062 58 3060 56 3057 53 52 418 419 1 413 
		}
		control={
			1809.199951 1089.310059 1813.000000 1116.000000 1829.000000 1131.000000 1836.000000 1142.000000 
		}
	}
	members={
		900 1073 1074 1075 1076 1077 1078 1079 1097 1099 1102 1103 1105 1106 1107 1108 1111 1112 1266 1267 1412 2238 3091 3111 3353 3362 3363 3364 3365 3366 3367 3368 3369 3370 3371 3372 3373 3374 3375 3376 3377 3378 3379 3380 3381 3382
	}
}

node_niluloni={
	location=509
	inland=yes
	color={
		90 90 80 
	}
	outgoing={
		name="node_hazaj_tollin"
		path={
			1785 458 459 134 132 125 61 60 3062 58 3060 56 3057 53 52 418 419 1 413 
		}
		control={
			1809.199951 1089.310059 1813.000000 1116.000000 1829.000000 1131.000000 1836.000000 1142.000000 
		}
	}
	outgoing={
		name="node_korlea"
		path={
			1785 458 459 134 132 125 61 60 3062 58 3060 56 3057 53 52 418 419 1 413 
		}
		control={
			1809.199951 1089.310059 1813.000000 1116.000000 1829.000000 1131.000000 1836.000000 1142.000000 
		}
	}
	members={
		509 772 798 801 806 807 843 1326 1781 3113 3114 3117 3118 
	}
}

node_korlea={
	location=135
	color={
		190 15 5 
	}
	outgoing={
		name="node_urezayan"
		path={
			1785 458 459 134 132 125 61 60 3062 58 3060 56 3057 53 52 418 419 1 413 
		}
		control={
			1809.199951 1089.310059 1813.000000 1116.000000 1829.000000 1131.000000 1836.000000 1142.000000 
		}
	}
	members={
		135 510 511 512 766 771 793 797 799 804 867 1265 1410 2231 2232 2233 2234 2247 2248 3092 3093 3094 3112 3115 3116 3120 3121 
	}
}

node_urezayan={
	location=515
	color={
		0 15 175 
	}
	outgoing={
		name="node_hazaj_tollin"
		path={
			1785 458 459 134 132 125 61 60 3062 58 3060 56 3057 53 52 418 419 1 413 
		}
		control={
			1809.199951 1089.310059 1813.000000 1116.000000 1829.000000 1131.000000 1836.000000 1142.000000 
		}
	}
	members={
		493 515 631 800 803 1249 1297 1328 1760 2226 2227 2229 2230 2249 2250 3119 3124 3126 
	}
}

node_hazaj_tollin={
	location=514
	color={
		175 0 255 
	}
	members={
		465 474 481 486 495 508 514 524 525 632 634 811 1615 1759 1761 1787 2225 2228 3110 3125 
	}
	end=yes
}

node_gobel_mirlond={
	location=130
	color={
		235 190 85 
	}
	outgoing={
		name="node_pelargir"
		path={
			2188 2196 2199 2201 2200 2220 17 
		}
		control={
			1614.000000 864.000000 1602.000000 897.000000 1590.000000 952.000000 1613.000000 986.000000 1643.000000 992.000000 1705.000000 1026.000000 1750.000000 1032.000000 1793.000000 1058.000000 
		}
	}
	outgoing={
		name="node_umbar"
		path={
			2188 2189 2190 2191 2192 421 
		}
		control={
			1614.000000 864.000000 1594.000000 847.000000 1553.000000 812.000000 1494.000000 780.000000 1478.000000 718.000000 1514.000000 721.000000 1569.000000 726.000000 
		}
	}
	members={
		123 127 128 129 130 136 143 455 467 468 470 471 472 519 520 747 748 750 751 1215 1216 1222 1752 1753 1755 1756 1757 1758 1766 1767 1786 2188 2189 2196 2204 3127 3229 3230 3231 3241 3242 3243 3244 3259 3300 3302 3304 
	}
}

node_umbar={
	location=421
	color={
		225 210 0 
	}
	members={
		421 422 423 424 425 426 427 428 429 452 457 469 473 476 659 865 1183 1185 1186 1187 1189 1190 1200 1213 1768 1770 1771 1772 1773 1774 1769 1775 1778 2190 2191 2192 2193 2205 3019 3104 3211 3212 3213 3214 3215 3267 3276 3291 3275 3295 
	}
	end=yes
}

node_pelargir={
	location=17
	color={
		10 80 150 
	}
	outgoing={
		name="node_minas_tirith"
		path={
			3066 15 11 9 1 413 
		}
		control={
			1809.199951 1089.310059 1813.000000 1116.000000 1829.000000 1131.000000 1836.000000 1142.000000 
		}
	}
	outgoing={
		name="node_linhir"
		path={
			3068 24 995 25 
		}
		control={
			1751.000000 1043.000000 1714.000000 1038.000000 1676.000000 1057.000000 1628.000000 1075.000000 
		}
	}
	members={
		13 14 15 16 17 18 19 20 22 23 24 56 57 58 59 60 61 62 63 122 996 997 998 1218 2158 2161 2200 2220 3056 3057 3058 3059 3060 3061 3062 3063 3065 3066 3067 3068 
	}
}

node_obamarl={
	location=434
	inland=yes
	color={
		160 70 80 
	}
	outgoing={
		name="node_relerindu"
		path={
			23 26 995 
		}
		control={
			1751.000000 1043.000000 1714.000000 1038.000000 1676.000000 1057.000000 1628.000000 1075.000000 
		}
	}
	members={
		434 435 437 438 636 1221 1278 1279 1280 1281 1282 1283 1284 1289 1291 1292 1293 2183 
	}
}

node_maresh={
	location=499
	inland=yes
	color={
		165 125 0 
	}
	outgoing={
		name="node_ankruz"
		path={
			23 26 995 
		}
		control={
			1751.000000 1043.000000 1714.000000 1038.000000 1676.000000 1057.000000 1628.000000 1075.000000 
		}
	}
	outgoing={
		name="node_sturlurtsa_khand"
		path={
			23 26 995 
		}
		control={
			1751.000000 1043.000000 1714.000000 1038.000000 1676.000000 1057.000000 1628.000000 1075.000000 
		}
	}
	members={
		483 485 491 498 499 501 502 873 1347 1348 1349 1361 1441 1780 3013 3346 
	}
}

node_xyunai={
	location=795
	inland=yes
	color={
		240 100 65 
	}
	outgoing={
		name="node_ankruz"
		path={
			23 26 995 
		}
		control={
			1751.000000 1043.000000 1714.000000 1038.000000 1676.000000 1057.000000 1628.000000 1075.000000 
		}
	}
	outgoing={
		name="node_tenolkachyn"
		path={
			23 26 995 
		}
		control={
			1751.000000 1043.000000 1714.000000 1038.000000 1676.000000 1057.000000 1628.000000 1075.000000 
		}
	}
	members={
		795 887 891 1169 1299 1317 1330 1333 1334 1362 1371 1399 1401 1611 3012 3335 
	}
}

node_ankruz={
	location=503
	inland=yes
	color={
		5 100 125 
	}
	outgoing={
		name="node_pelepelplu"
		path={
			23 26 995 
		}
		control={
			1751.000000 1043.000000 1714.000000 1038.000000 1676.000000 1057.000000 1628.000000 1075.000000 
		}
	}
	members={
		492 503 504 629 630 633 754 792 942 959 1252 1346 1783 2952 2954 2955 2960 2961 
	}
}

node_nalashatur={
	location=505
	color={
		65 45 90
	}
	outgoing={
		name="node_tenolkachyn"
		path={
			23 26 995 
		}
		control={
			1751.000000 1043.000000 1714.000000 1038.000000 1676.000000 1057.000000 1628.000000 1075.000000 
		}
	}
	members={
		505 757 931 932 1520 1553 1746 2976 2977 2978 2980 2981 2983
	}
}

node_abar_narik={
	location=796
	color={
		65 45 90
	}
	outgoing={
		name="node_tenolkachyn"
		path={
			23 26 995 
		}
		control={
			1751.000000 1043.000000 1714.000000 1038.000000 1676.000000 1057.000000 1628.000000 1075.000000 
		}
	}
	members={
		439 489 761 762 763 764 796 927 929 930 948 949 950 1257 1549 2513 2514 2523 2524 2529 2531 2532 2533 2534 2543 2535 2544 2545 2969 2970 2971 2972 2982 2984 2985 2986 2987 2988
	}
}

node_abar_zadan={
	location=1540
	color={
		65 45 90
	}
	outgoing={
		name="node_tenolkachyn"
		path={
			23 26 995 
		}
		control={
			1751.000000 1043.000000 1714.000000 1038.000000 1676.000000 1057.000000 1628.000000 1075.000000 
		}
	}
	members={
		951 955 1538 1540 1701 1724 2561 2562 2563 2564 2565 2974 2975 2979 2990 3278 3285
	}
}

node_helak_nay={
	location=1997
	inland=yes
	color={
		35 50 90
	}
	outgoing={
		name="node_tenolkachyn"
		path={
			23 26 995 
		}
		control={
			1751.000000 1043.000000 1714.000000 1038.000000 1676.000000 1057.000000 1628.000000 1075.000000 
		}
	}
	members={
		1704 1996 1997 2101 2103 2150 
	}
}

node_arg-simorig={
	location=2063
	color={
		35 50 90
	}
	outgoing={
		name="node_tenolkachyn"
		path={
			23 26 995 
		}
		control={
			1751.000000 1043.000000 1714.000000 1038.000000 1676.000000 1057.000000 1628.000000 1075.000000 
		}
	}
	members={
		2049 2050 2051 2052 2054 2055 2056 2057 2061 2062 2063 2064 2065 2066 2067 2069 2616 2617 2620 2621 2622 2658 2673 2674
	}
}

node_mindo_clytac={
	location=2024
	color={
		35 50 90
	}
	outgoing={
		name="node_tenolkachyn"
		path={
			23 26 995 
		}
		control={
			1751.000000 1043.000000 1714.000000 1038.000000 1676.000000 1057.000000 1628.000000 1075.000000 
		}
	}
	members={
		1714 1998 2020 2024 2038 2039 2040 2041 2048 2053 2618 2619 3356
	}
}

node_tarlai-amar={
	location=2130
	color={
		35 50 90
	}
	outgoing={
		name="node_tenolkachyn"
		path={
			23 26 995 
		}
		control={
			1751.000000 1043.000000 1714.000000 1038.000000 1676.000000 1057.000000 1628.000000 1075.000000 
		}
	}
	members={
		827 1210 1541 1550 1552 1564 1993 1994 1995 2122 2128 2129 2130 2131 2991
	}
}

node_alk_waw={
	location=956
	color={
		175 165 145
	}
	outgoing={
		name="node_tenolkachyn"
		path={
			23 26 995 
		}
		control={
			1751.000000 1043.000000 1714.000000 1038.000000 1676.000000 1057.000000 1628.000000 1075.000000 
		}
	}
	members={
		956 965 966 967 2070 2071 2072 2073 2074 2611 2613 2614 2615 2633 2637 2642 2643 2644 2645
	}
}

node_tarsa={
	location=2028
	color={
		45 180 180
	}
	outgoing={
		name="node_tenolkachyn"
		path={
			23 26 995 
		}
		control={
			1751.000000 1043.000000 1714.000000 1038.000000 1676.000000 1057.000000 1628.000000 1075.000000 
		}
	}
	members={
		1999 2002 2003 2023 2025 2026 2027 2028 2029 2030 2031 2032 2033 2034 2036 2037 2042 2043 2044 2045 2046 2047 2608 2609 2610 2632
	}
}

node_alk_wol={
	location=2059
	color={
		175 60 25
	}
	outgoing={
		name="node_tenolkachyn"
		path={
			23 26 995 
		}
		control={
			1751.000000 1043.000000 1714.000000 1038.000000 1676.000000 1057.000000 1628.000000 1075.000000 
		}
	}
	members={
		2035 2058 2059 2060 2068 2992 2104 2123 2606 2607 2623 2625
	}
}

node_alkbrod={
	location=2118
	color={
		45 180 180
	}
	outgoing={
		name="node_tenolkachyn"
		path={
			23 26 995 
		}
		control={
			1751.000000 1043.000000 1714.000000 1038.000000 1676.000000 1057.000000 1628.000000 1075.000000 
		}
	}
	members={
		2000 2001 2105 2106 2107 2108 2109 2110 2111 2112 2113 2114 2115 2116 2117 2118 2119 2594 2595 2596 2597 2603 2604 2605
	}
}

node_alkarranda={
	location=1409
	color={
		35 50 90
	}
	outgoing={
		name="node_tenolkachyn"
		path={
			23 26 995 
		}
		control={
			1751.000000 1043.000000 1714.000000 1038.000000 1676.000000 1057.000000 1628.000000 1075.000000 
		}
	}
	members={
		907 923 924 1409 1521 1527 1554 1992 2124 2125 2126 2127 2132 2573 2591 2592 2593 2599 3279 3280 3281 3282 3283 3470 3471 3472 3473 3474 3475
	}
}

node_ostophor={
	location=3463
	color={
		35 50 90
	}
	outgoing={
		name="node_tenolkachyn"
		path={
			23 26 995 
		}
		control={
			1751.000000 1043.000000 1714.000000 1038.000000 1676.000000 1057.000000 1628.000000 1075.000000 
		}
	}
	members={
		952 953 1522 1547 1551 1739 2569 2570 2571 2572 2574 2575 3461 3462 3463 3464 3465 3466 3467 3468 3469
	}
}

node_lyneria={
	location=1269
	color={
		35 50 90
	}
	outgoing={
		name="node_tenolkachyn"
		path={
			23 26 995 
		}
		control={
			1751.000000 1043.000000 1714.000000 1038.000000 1676.000000 1057.000000 1628.000000 1075.000000 
		}
	}
	members={
		908 934 954 1179 1269 1526 1537 1559 1637 1699 1700 1732 1733 1740 1749 2566 2567 2568 2576 2577 2578
	}
}

node_cilyar={
	location=901
	color={
		25 75 35
	}
	outgoing={
		name="node_tenolkachyn"
		path={
			23 26 995 
		}
		control={
			1751.000000 1043.000000 1714.000000 1038.000000 1676.000000 1057.000000 1628.000000 1075.000000 
		}
	}
	members={
		899 901 910 911 912 913 914 915 916 917 918 919 920 921 922 925 926 928 957 958 2536 2537 2538 2539 2540 2541 2542 2546 2547 2548 2557 2558 2559 2560 2598 2843 2844 2973 2989 2993 2998 2999 3000 3001 3002 3003 3004 3005 3006 3007 3008 3009 3010 3284 3287
	}
}

node_tenolkachyn={
	location=756
	color={
		80 220 255 
	}
	outgoing={
		name="node_chaiapun"
		path={
			23 26 995 
		}
		control={
			1751.000000 1043.000000 1714.000000 1038.000000 1676.000000 1057.000000 1628.000000 1075.000000 
		}
	}
	members={
		755 756 1161 1162 1260 1261 1286 1287 1288 1339 1342 1620 1621 2908 2915 2916 2968 
	}
}

node_pyarador={
	location=1171
	color={
		155 120 10 
	}
	outgoing={
		name="node_tul_harar"
		path={
			23 26 995 
		}
		control={
			1751.000000 1043.000000 1714.000000 1038.000000 1676.000000 1057.000000 1628.000000 1075.000000 
		}
	}
	members={
		1104 1163 1164 1165 1170 1171 1181 1318 1320 1335 1336 1337 1338 1340 1341 1350 1351 1352 1373 1374 1376 1379 1612 1613 1614 1616 1695 2504 2502 2503 2505 2515 2516 2521
	}
}

node_kormeros={
	location=1561
	color={
		170 0 0
	}
	outgoing={
		name="node_tul_harar"
		path={
			23 26 995 
		}
		control={
			1751.000000 1043.000000 1714.000000 1038.000000 1676.000000 1057.000000 1628.000000 1075.000000 
		}
	}
	members={
		905 1268 1273 1532 1561 2508 2509 2510 2518 2519 2520
	}
}

node_samarth={
	location=790
	color={
		155 120 10 
	}
	outgoing={
		name="node_tul_harar"
		path={
			23 26 995 
		}
		control={
			1751.000000 1043.000000 1714.000000 1038.000000 1676.000000 1057.000000 1628.000000 1075.000000 
		}
	}
	members={
		760 790 1255 1254 1256 1258 1259 1408 1456 1461 1463 2501 2511 2512 2522 2907 2914 2923 2924 2932 2933 2934 2935 2936 2937 2938 2939 2940 2941 2942 2943 2953 3336
	}
}

node_tul_harar={
	location=1198
	color={
		155 120 10 
	}
	members={
		637 1180 1191 1192 1193 1194 1195 1198 1199 1201 1319 1323 1324 1325 1327 1372 1375 1534 1535 1536 1539 1742 1743 1782 2506 2507 2517 
	}
	end=yes
}

node_chaiapun={
	location=864
	color={
		255 210 90 
	}
	outgoing={
		name="node_pelepelplu"
		path={
			23 26 995 
		}
		control={
			1751.000000 1043.000000 1714.000000 1038.000000 1676.000000 1057.000000 1628.000000 1075.000000 
		}
	}
	members={
		759 864 875 933 945 946 947 1414 1696 2912 2913 2920 2921 2925 2926 2927 2928 2930 2931
	}
}

node_pelepelplu={
	location=789
	inland=yes
	color={
		150 80 45 
	}
	members={
		789 941 1253 1262 1263 1264 1403 1411 1413 1465 1466 1579 2905 2906 2909 2910 2917 2918 2919 2922 2945 2946 2947 2948 2949 2950 2951 2967 
	}
	end=yes
}

node_sturlurtsa_khand={
	location=443
	inland=yes
	color={
		50 35 20 
	}
	outgoing={
		name="node_relerindu"
		path={
			23 26 995 
		}
		control={
			1751.000000 1043.000000 1714.000000 1038.000000 1676.000000 1057.000000 1628.000000 1075.000000 
		}
	}
	members={
		268 440 442 443 477 479 487 500 753 1274 1275 1276 1345 1353 1354 1355 1378 1380  3339 3340 3344 3345 
	}
}

node_ulk_jey_ama={
	location=1245
	inland=yes
	color={
		165 120 0
	}
	outgoing={
		name="node_relerindu"
		path={
			23 26 995 
		}
		control={
			1751.000000 1043.000000 1714.000000 1038.000000 1676.000000 1057.000000 1628.000000 1075.000000 
		}
	}
	members={
		769 770 802 805 808 812 813 838 876 939 940 944 1228 1245 1246 1247 1248 1563
	}
}

node_relerindu={
	location=810
	inland=yes
	color={
		245 150 10 
	}
	outgoing={
		name="node_mistrand"
		path={
			23 26 995 
		}
		control={
			1751.000000 1043.000000 1714.000000 1038.000000 1676.000000 1057.000000 1628.000000 1075.000000 
		}
	}
	members={
		625 773 774 810 814 837 904 909 1227 1285 1322 1586 1646 1652 1689 1725 
	}
}

node_barad_dur={
	location=639
	inland=yes
	color={
		185 0 0 
	}
	outgoing={
		name="node_the_black_gate"
		path={
			3040 3029 3039 149 71 675 
		}
		control={
			1990.000000 1194.000000 1970.000000 1207.000000 1952.000000 1211.000000 1937.000000 1217.000000 1916.000000 1229.000000 
		}
	}
	members={
		108 146 147 148 150 151 231 325 327 580 639 647 977 1004 1007 1020 1021 1633 3027 3028 3029 3030 3033 3034 3037 3038 3040 3041 3044 3045 3047 3048 3049 3225 
	}
}

node_the_black_gate={
	location=675
	color={
		30 30 30 
	}
	outgoing={
		name="node_minas_tirith"
		path={
			573 48 46 47 3054 51 418 2481 419 1 413 
		}
		control={
			1880.000000 1245.000000 1867.000000 1225.000000 1860.000000 1217.000000 1865.000000 1194.000000 1867.000000 1176.000000 1866.000000 1162.000000 1863.000000 1153.000000 1855.000000 1156.000000 1849.000000 1156.000000 1840.000000 1158.000000 
		}
	}
	outgoing={
		name="node_romenost"
		path={
			573 1936 1938 403 1935 
		}
		control={
			1751.000000 1043.000000 1714.000000 1038.000000 1676.000000 1057.000000 1628.000000 1075.000000 
		}
	}
	members={
		45 71 149 322 323 573 574 675 1936 1938 1940 1941 3032 3039 3222 3385 3386 3387 3421
	}
}

node_romenost={
	location=1935
	color={
		95 25 25 
	}
	outgoing={
		name="node_dol_guldur"
		path={
			573 48 46 47 3054 51 418 2481 419 1 413 
		}
		control={
			1895.000000 1355.000000 
		}
	}
	outgoing={
		name="node_burh_waldmarh"
		path={
			573 48 46 47 3054 51 418 2481 419 1 413 
		}
		control={
			1895.000000 1362.000000 
		}
	}
	members={
		269 276 306 397 400 403 404 554 576 581 1934 1935 1939 
	}
}

node_burh_waldmarh={
	location=324
	inland=yes
	color={
		35 75 10 
	}
	outgoing={
		name="node_ilanin"
		path={
			573 48 46 47 3054 51 418 2481 419 1 413 
		}
		control={
			1993.000000 1466.000000 
		}
	}
	members={
		310 311 324 398 551 552 556 1914 1915 1916 1922 1929 1931 1947 1967 3359 3360 
	}
}

node_lake_town={
	location=528
	color={
		135 100 70 
	}
	outgoing={
		name="node_erebor"
		path={
			573 48 46 47 3054 51 418 2481 419 1 413 
		}
		control={
			1998.000000 1604.000000 
		}
	}
	outgoing={
		name="node_ilanin"
		path={
			573 48 46 47 3054 51 418 2481 419 1 413 
		}
		control={
			2012.000000 1573.000000 
		}
	}
	members={
		314 315 316 317 321 402 411 526 528 530 1680 1895 1897 1899 1900 1901 1902 1904 1918 1937 2185 2498 3162 3163 3164 3165 3167 3173 
	}
}

node_ilanin={
	location=563
	color={
		85 120 45 
	}
	outgoing={
		name="node_riavod"
		path={
			573 48 46 47 3054 51 418 2481 419 1 413 
		}
		control={
			2095.000000 1491.000000 
		}
	}
	outgoing={
		name="node_azanulimbar_dum"
		path={
			573 48 46 47 3054 51 418 2481 419 1 413 
		}
		control={
			2095.000000 1502.000000 
		}
	}
	members={
		399 532 533 550 553 563 578 693 695 1917 1920 1921 1948 1949 1950 1954 2499
	}
}

node_azanulimbar_dum={
	location=560
	inland=yes
	color={
		35 40 250 
	}
	outgoing={
		name="node_erebor"
		path={
			573 48 46 47 3054 51 418 2481 419 1 413 
		}
		control={
			2065.000000 1642.000000 
		}
	}
	members={
		535 536 537 538 560 561 562 667 692 694 696 706 708 817 826 1022 1953 1955 2764 2767 3174 3178 
	}
}

node_sadvar={
	location=702
	color={
		255 120 20 
	}
	outgoing={
		name="node_riavod"
		path={
			573 48 46 47 3054 51 418 2481 419 1 413 
		}
		control={
			1809.199951 1089.310059 1813.000000 1116.000000 1829.000000 1131.000000 1836.000000 1142.000000 
		}
	}
	outgoing={
		name="node_kugavod"
		path={
			573 48 46 47 3054 51 418 2481 419 1 413 
		}
		control={
			1809.199951 1089.310059 1813.000000 1116.000000 1829.000000 1131.000000 1836.000000 1142.000000 
		}
	}
	outgoing={
		name="node_dyr"
		path={
			573 48 46 47 3054 51 418 2481 419 1 413 
		}
		control={
			1809.199951 1089.310059 1813.000000 1116.000000 1829.000000 1131.000000 1836.000000 1142.000000 
		}
	}
	members={
		569 690 697 698 699 702 703 710 818 819 821 833 841 961 1623 1624 1919 3398
	}
}

node_kugavod={
	location=571
	color={
		165 125 80 
	}
	outgoing={
		name="node_mistrand"
		path={
			573 48 46 47 3054 51 418 2481 419 1 413 
		}
		control={
			1809.199951 1089.310059 1813.000000 1116.000000 1829.000000 1131.000000 1836.000000 1142.000000 
		}
	}
	outgoing={
		name="node_dyr"
		path={
			573 48 46 47 3054 51 418 2481 419 1 413 
		}
		control={
			1809.199951 1089.310059 1813.000000 1116.000000 1829.000000 1131.000000 1836.000000 1142.000000 
		}
	}
	members={
		571 595 596 700 701 709 834 1080 1081 1250 1626 1627 1628 1629 1670 1672 3391 3392 3393 3402 3404 3407
	}
}

node_dyr={
	location=2786
	color={
		195 0 5 
	}
	outgoing={
		name="node_olyavud"
		path={
			573 48 46 47 3054 51 418 2481 419 1 413 
		}
		control={
			1809.199951 1089.310059 1813.000000 1116.000000 1829.000000 1131.000000 1836.000000 1142.000000 
		}
	}
	outgoing={
		name="node_elyamu"
		path={
			573 48 46 47 3054 51 418 2481 419 1 413 
		}
		control={
			1809.199951 1089.310059 1813.000000 1116.000000 1829.000000 1131.000000 1836.000000 1142.000000 
		}
	}
	members={
		600 816 822 839 844 1430 1622 1625 1651 2786 2787 
	}
}

node_lu_tyr_su={
	location=2831
	inland=yes
	color={
		90 10 10 
	}
	outgoing={
		name="node_elyamu"
		path={
			573 48 46 47 3054 51 418 2481 419 1 413 
		}
		control={
			1809.199951 1089.310059 1813.000000 1116.000000 1829.000000 1131.000000 1836.000000 1142.000000 
		}
	}
	members={
		1572 1708 2829 2830 2831 2832
	}
}

node_ethir_kol={
	location=969
	color={
		90 10 10 
	}
	outgoing={
		name="node_elyamu"
		path={
			573 48 46 47 3054 51 418 2481 419 1 413 
		}
		control={
			1809.199951 1089.310059 1813.000000 1116.000000 1829.000000 1131.000000 1836.000000 1142.000000 
		}
	}
	members={
		895 898 968 969 970 1635 1636 1653 1654 1703 1707 2697
	}
}

node_elyamu={
	location=779
	color={
		90 10 10 
	}
	members={
		778 779 784 898 1251 1432 1573 1574 1599 1600 1601 1638 1639 2324 2779
	}
	end=yes
}

node_olyavud={
	location=781
	color={
		195 0 5 
	}
	outgoing={
		name="node_yjuvit"
		path={
			573 48 46 47 3054 51 418 2481 419 1 413 
		}
		control={
			1809.199951 1089.310059 1813.000000 1116.000000 1829.000000 1131.000000 1836.000000 1142.000000 
		}
	}
	outgoing={
		name="node_kheledkhizdin"
		path={
			573 48 46 47 3054 51 418 2481 419 1 413 
		}
		control={
			1809.199951 1089.310059 1813.000000 1116.000000 1829.000000 1131.000000 1836.000000 1142.000000 
		}
	}
	members={
		599 601 602 776 777 781 785 820 824 825 828 836 840 902 1208 2771 2777 2783 2784 2785 
	}
}

node_kheledkhizdin={
	location=786
	inland=yes
	color={
		195 0 5 
	}
	outgoing={
		name="node_yjuvit"
		path={
			573 48 46 47 3054 51 418 2481 419 1 413 
		}
		control={
			1809.199951 1089.310059 1813.000000 1116.000000 1829.000000 1131.000000 1836.000000 1142.000000 
		}
	}
	members={
		598 704 780 786 823 847 859 1209 1991 2765 2766 2768 2775 2778 2782 3349 
	}
}

node_yjuvit={
	location=782
	color={
		195 0 5 
	}
	members={
		782 783 829 835 850 860 861 878 903 1558 2769 2770 2772 2773 2774 2776 2780 
	}
	end=yes
}

node_riavod={
	location=565
	color={
		175 25 100 
	}
	outgoing={
		name="node_mistrand"
		path={
			573 48 46 47 3054 51 418 2481 419 1 413 
		}
		control={
			2156.000000 1456.000000 
		}
	}
	members={
		555 557 564 565 566 567 570 572 1014 1015 1016 1017 1018 1019 1100 1923 1924 1925 1926 1927 1928 1930 2500 3150 3151 3152 3153 3334 3394 3395 3396
	}
}

node_erebor={
	location=287
	color={
		10 50 105 
	}
	members={
		287 320 527 529 531 534 549 616 665 668 872 883 885 886 1133 1134 1903 1951 1952 3161 3166 3175 3176 3180 3216 3289 
	}
	end=yes
}

node_dol_guldur={
	location=304
	color={
		110 110 110 
	}
	outgoing={
		name="node_caras_galadhon"
		path={
			573 48 46 47 3054 51 418 2481 419 1 413 
		}
		control={
			1797.000000 1421.000000 
		}
	}
	members={
		303 304 305 307 308 312 1880 1906 1907 1908 1909 1910 1913 3155 3157 3158 3159 
	}
}

node_caras_galadhon={
	location=233
	color={
		175 190 95 
	}
	members={
		64 70 188 233 275 277 279 280 289 389 392 745 1042 1877 1878 3156 
	}
	end=yes
}

node_burh_ermanarikis={
	location=568
	inland=yes
	color={
		25 140 235 
	}
	outgoing={
		name="node_mistrand"
		path={
			573 48 46 47 3054 51 418 2481 419 1 413 
		}
		control={
			2093.000000 1291.000000 
		}
	}
	members={
		568 579 583 585 586 587 591 593 1010 1011 1013 1745 1747 1932 1933 1942 1943 1944 1945 3361 3397
	}
}

node_daldunair={
	location=1571
	inland=yes
	color={
		165 40 60 
	}
	outgoing={
		name="node_kykurian_kyn"
		path={
			573 48 46 47 3054 51 418 2481 419 1 413 
		}
		control={
			2093.000000 1291.000000 
		}
	}
	members={
		1573 1632 1709 2327 2827 2828 2833 2834
	}
}

node_elpynir={
	location=1715
	inland=yes
	color={
		165 75 85
	}
	outgoing={
		name="node_kykurian_kyn"
		path={
			573 48 46 47 3054 51 418 2481 419 1 413 
		}
		control={
			2093.000000 1291.000000 
		}
	}
	members={
		1661 1715 1716 1720 2323
	}
}

node_kykurian_kyn={
	location=775
	inland=yes
	color={
		175 30 30
	}
	outgoing={
		name="node_mistrand"
		path={
			573 48 46 47 3054 51 418 2481 419 1 413 
		}
		control={
			2093.000000 1291.000000 
		}
	}
	members={
		775 830 831 832 1643 1644 1645 1649 1650 1655 1659 1662 1664 1665 1666 1674 1677 1717 3405 3406 3408 3409 3410 3411
	}
}

node_mistrand={
	location=590
	color={
		165 40 60 
	}
	members={
		575 577 582 588 589 590 592 594 604 626 809 962 1008 1009 1012 1023 1277 1321 1656 1657 1658 1663 1675 1676 1693 1694 2186 3290 3388 3389 3390 3399 3400 3401 3403
	}
	end=yes
}

node_minas_tirith={
	location=413
	color={
		50 50 255 
	}
	members={
		1 2 3 4 5 6 7 8 9 10 11 12 44 46 47 48 49 50 51 52 53 54 55 67 68 69 413 417 418 419 655 999 1000 1002 2164 2481 3031 3051 3052 3053 3054 3055 3064 
	}
	end=yes
}

node_linhir={
	location=25
	color={
		30 110 170 
	}
	outgoing={
		name="node_calembel"
		path={
			3072 30 3069 222 218 
		}
		control={
			1611.000000 1100.000000 1600.000000 1107.000000 1573.000000 1125.000000 1543.000000 1131.000000 
		}
	}
	outgoing={
		name="node_dol_amroth"
		path={
			28 2202 2203 2207 2208 641 
		}
		control={
			1568.000000 1054.000000 1533.000000 1003.000000 1490.000000 968.000000 1455.000000 941.000000 1424.099976 979.650024 1427.000000 1011.000000 
		}
	}
	members={
		21 25 26 27 28 29 30 31 32 995 2160 2162 2163 2169 2201 2202 3050 3071 3072 
	}
}

node_calembel={
	location=218
	color={
		50 130 190 
	}
	outgoing={
		name="node_annulond"
		path={
			1302 993 3081 213 209 212 211 206 985 204 186 208 193 
		}
		control={
			1529.000000 1171.000000 1490.000000 1172.000000 1463.000000 1153.000000 1410.000000 1128.000000 1355.000000 1118.000000 1294.000000 1115.000000 1261.000000 1095.000000 
		}
	}
	outgoing={
		name="node_dol_amroth"
		path={
			992 3220 216 988 221 420 40 641 
		}
		control={
			1527.000000 1123.000000 1514.000000 1116.000000 1481.000000 1088.000000 1465.000000 1077.000000 1448.000000 1057.000000 1440.000000 1036.000000 
		}
	}
	members={
		197 207 209 212 213 214 215 216 217 218 219 220 222 989 990 991 992 993 1302 1303 1304 3069 3070 3075 3081 3220 3221 
	}
}

node_annulond={
	location=193
	color={
		70 150 210 
	}
	outgoing={
		name="node_dol_amroth"
		path={
			3077 198 2210 2209 2208 641 
		}
		control={
			1264.000000 1024.000000 1279.000000 997.000000 1336.000000 1029.000000 1428.000000 1040.000000 
		}
	}
	members={
		176 178 181 185 186 187 193 194 195 196 198 199 200 201 202 203 204 205 206 208 210 211 978 979 982 983 985 986 987 1032 1305 1306 2166 2167 2209 2210 2211 2215 2216 2222 3073 3074 3076 3077 3078 3079 3080 3095 3316 3317 
	}
}

node_dol_amroth={
	location=641
	color={
		90 170 230 
	}
	members={
		33 34 35 36 37 38 39 40 41 42 43 65 66 221 360 361 420 641 963 988 994 1425 1426 2159 2165 2197 2198 2199 2203 2206 2207 2208 2212 3082 3083 3084 3085 3086 3087 3088 3089 3090 
	}
	end=yes
}

node_sanar={
	location=3286
	color={
		255 210 90 
	}
	members={
		935 936 937 938 943 1429 1548 1748 2075 2077 2097 2098 2911 2929 2963 2964 3286 3288
	}
	end=yes
}

node_vexclar={
	location=3018
	color={
		255 210 90 
	}
	members={
		767 863 1300 1301 1542 1565 1566 2944 2956 2957 2958 2959 2962 2965 2966 3018
	}
	end=yes
}

node_idum={
	location=1428
	color={
		255 210 90 
	}
	members={
		1428 1543 1631 1667 1668 1669 1671 1673 1667 1706 2994 2995 2996 2997
	}
	end=yes
}

node_delik_kizil={
	location=1688
	color={
		255 210 90 
	}
	members={
		1479 1605 1630 1705 1718
	}
	end=yes
}

node_aldutar={
	location=1513
	color={
		255 210 90 
	}
	members={
		1511 1513 1544 1545 1555 1608 1609 1690 1691 1722 1723 1727 1728 1729
	}
	end=yes
}

node_gaathgykarkan={
	location=2095
	color={
		255 210 90 
	}
	members={
		2076 2081 2082 2083 2088 2089 2090 2091 2092 2093 2095 2099
	}
	end=yes
}

node_ibav={
	location=2096
	color={
		255 210 90 
	}
	members={
		1509 1524 2078 2079 2080 2084 2085 2086 2087 2094 2096 2100
	}
	end=yes
}

node_eratanth={
	location=2102
	color={
		255 210 90 
	}
	members={
		1197 1517 1518 1604 1702 1741 2102 2155 3476 3477
	}
	end=yes
}

node_eratanth={
	location=2156
	color={
		255 210 90 
	}
	members={
		2133 2134 2144 2145 2152 2153 2154 2156 3478 3479 3480 3481
	}
	end=yes
}

node_skad={
	location=1515
	color={
		255 210 90 
	}
	members={
		1480 1515 1516 1546 2894 2895 2896
	}
	end=yes
}

node_baraztum={
	location=1515
	color={
		255 210 90 
	}
	members={
		2016 2135 2136 2137 2138 2143 2904
	}
	end=yes
}

node_naraggund={
	location=2142
	color={
		255 210 90 
	}
	members={
		2142
	}
	end=yes
}

node_ubain={
	location=2139
	color={
		255 210 90 
	}
	members={
		2139 2140 2141 3459 3460
	}
	end=yes
}

node_baraz_lagil={
	location=2019
	color={
		255 210 90 
	}
	members={
		2019 3355 3357 3358
	}
	end=yes
}

node_kehndral={
	location=2901
	color={
		255 210 90 
	}
	members={
		2897 2898 2899 2900 2901 2902 2903
	}
	end=yes
}

node_linimer={
	location=2836
	color={
		255 210 90 
	}
	members={
		1719 1721 1726 2836
	}
	end=yes
}

node_jardan={
	location=2891
	color={
		255 210 90 
	}
	members={
		2889 2890 2891 2892 2893
	}
	end=yes
}

node_moirnalin={
	location=2887
	color={
		255 210 90 
	}
	members={
		2884 2885 2886 2887 2888
	}
	end=yes
}

node_ezra={
	location=2860
	color={
		255 210 90 
	}
	members={
		2846 2850 2851 2860 2861
	}
	end=yes
}

node_astos={
	location=2873
	color={
		255 210 90 
	}
	members={
		2870 2871 2872 2873 2874 2875 2877 2883
	}
	end=yes
}

node_gabilzahar={
	location=2859
	color={
		255 210 90 
	}
	members={
		2859 2876 2880 2882
	}
	end=yes
}

node_archen={
	location=2864
	color={
		255 210 90 
	}
	members={
		2857 2862 2863 2864 2865 2866 2867 2868 2869 2878 2879 2881
	}
	end=yes
}

node_zetta={
	location=2853
	color={
		255 210 90 
	}
	members={
		2853 2854 2855 2856 2858
	}
	end=yes
}

node_oriz={
	location=2852
	color={
		255 210 90 
	}
	members={
		1028 2842 2848 2849 2852 3017
	}
	end=yes
}

node_tyrnalt={
	location=2853
	color={
		255 210 90 
	}
	members={
		2820 2821 2822 2823 2845 2847 2853
	}
	end=yes
}

node_belzaram={
	location=2018
	color={
		255 210 90 
	}
	members={
		2018 2837 2838 2839 2840 2841
	}
	end=yes
}

node_hulone={
	location=2813
	color={
		255 210 90 
	}
	members={
		2813 2814 2815 2816 2819
	}
	end=yes
}

node_murthunin={
	location=1569
	color={
		255 210 90 
	}
	members={
		1036 1481 1523 1569
	}
	end=yes
}

node_tatamac_pivan={
	location=1037
	color={
		255 210 90 
	}
	members={
		1027 1030 1033 1034 1035 1037 1038 1039 1040 1041 
	}
	end=yes
}

node_thuriac_codya={
	location=1989
	color={
		255 210 90 
	}
	members={
		584 597 603 815 1290 1567 1568 1683 1684 1685 1710 1711 1712 1713 1969 1970 1971 1972 1973 1974 1975 1976 1977 1978 1979 1980 1981 1982 1983 1984 1985 1986 1987 1988 1989 2835
	}
	end=yes
}

node_urd={
	location=2804
	color={
		255 210 90 
	}
	members={
		1487 1508 1602 1603 2794 2795 2796 2797 2798 2799 2800 2802 2803 2804 2805 2806 2807 2808 2812 2817 2818 3014
	}
	end=yes
}

node_mitheryn={
	location=3015
	color={
		255 210 90 
	}
	members={
		964 971 973 974 1029 1647 1648 1660 1682 2788 2789 2790 2791 2792 2793 3015 3016
	}
	end=yes
}

node_purepurla={
	location=984
	color={
		255 210 90 
	}
	members={
		972 975 976 984 
	}
	end=yes
}

node_myr={
	location=2825
	color={
		255 210 90 
	}
	members={
		1031 2801 2809 2810 2811 2824 2825 2826
	}
	end=yes
}