trade_company_gondor = {
	color = { 129 176 197 }
	
	provinces = {
		2 3 4 5 6 8 67 68 69 3051
        1 413 44 3064 
        418 419 
        9 10 11 12 13
        46 47 49 50 51 3031 3052 3053 3054
        58 59 60 63 996 998 3059 3062 3063
        17 1218 
        25 32 2163 3071 3072 995
        29 30 31 2169 
        14 15 16 3066 3067
        18 19 20 22 2162 21 3065
        23 24 26 27 28 2158 2160 2161 3050 3068
        216 217 218 219 220 222 992 3069 3221 3220
        197 209 212 213 215 990 991 3081 3075
        199 204 205 206 207 211 214 985 989 3074
        194 195 196 208 986 987 2166 3076
        38 39 40 641 
        420 988 2165 
        66 360 963 994 2159 3082
        34 35 1426 3085 3084 3086 3083 
        176 178 181 187 978 979 982 2167 3080 3095
        185 186 200 201 983 3078 3079
        45 574 3032 1936 1938 3222
        993 1302 1303 1304 
        202 203 1032 1306 3317
        210 1305 3073 3316 3952
        122 997 
        54 55 3055
        41 1425 221
        7 1002 
        655 2164 
        61 62
        52 53 3056 3057 3058 56 57 3060 3061
        36 37 65 3087
        361 42 33 43 3089 3090 3070 3088
        193 198 3077
        417 999 1000
	}
	
	names = {
		name = "trade_company_gondor"
	}
}
trade_company_old_pukel_land = {
	color = { 30 192 226 }
	
	provinces = {
		177 179 180 3189
        229 981 1313 1314 1315 1316 3191 3950
        182 183 184 3190
        1308 230 3318 1418 3319 1421
	}
	
	names = {
		name = "trade_company_old_pukel_land"
	}
}
trade_company_rohan = {
	color = { 59 168 73 }
	
	provinces = {
		120 225 228 980 2168 3130 3129 3149 3128 3131
        189 190 1046  3147 3217 3218 3219
        117 118 121 3134 3138 3137
        654 1026 3951
        111 114 115 3135 3136 3315
        110 112 113 116 274 3144 3145 3330
        191 1024 1048 3148 3140 192 3139
        272 273 3146
        270 278 1001 1049 1642 275 3142 3141
        271 661 1043 1045 
        64 70 188 279 1042
        223 744 224
        119 1025 3133 3132 3223 3224
        1044 3143 109
	}
	
	names = {
		name = "trade_company_rohan"
	}
}
trade_company_mordor = {
	color = { 128 68 67 }
	
	provinces = {
		639 3028 3040 1021
        675 573 48 71
        149 3029 3039
        647 3047 3048 3049 146 
        148 3027 3033 3225
        1020 150 147 1007 325 
        108 3034 151 3030 327 1633 580
        1634 3041 3042 326 1005
        231 1004 977 3037 3044 3038 3045
        1744 1686 436 621 1737 1692 1730 1736 1735
        544 3020 3043
        1750 3046
        874 1006 3022
        543 539 542 3036 1003
        433 627 3026 623 1738 1734 624 1731
        431 3035 445 3024 432 446 3023 545 1607
        548 1687 547 1606 546 3025
	}
	
	names = {
		name = "trade_company_mordor"
	}
}
trade_company_rhovanion = {
	color = { 9 75 218 }
	
	provinces = {
		1940 1941 1942 3385 3386 3421
        400 581 403 1935 1934 554 3921
        1944 583 1932 576 1933 579 3387 3361 3922
        568 1010 1011 1013 3396 3916
        570 1014 555 1923 3394 3395 3936 3934
        556 1967 551 1915 1922 1947 1931 1929 3935 3919
        563 1920 578 550 1917 399 3152 3900 3915
        552 1914 324 398 3912
        1916 1921 3360 3359 3914
        1015 572 1018 1016 1017 1019 3334
        565 564 1928 1925 1926 3926 3927 3929 3933
        1927 566 1924 3150 3928 3930 3931 3920 3153 3151
        1930 557 567 1100
        306 404 269 397 312
        322 276 323 1939
	}
	
	names = {
		name = "trade_company_rhovanion"
	}
}
trade_company_mirkwood = {
	color = { 37 242 106 }
	
	provinces = {
		304 303 1906 305 1908 1905 3155 3157 3158 3159
        1907 307 1910 1909 3599 3600 3906 3905
        308 1913 1912 1911
        309 310 311 3901 3904 3903 3907 3902
        314 315 1918 3165
        406 408 1881 3187
        317 1937 321 1680 1900 526 3162 3551
        411 316 1901 320 3161 3164 3166 3167 3908 3909
        1899 1897 3163 3172 3154 3911
        1898 1895 319 3314 3910
	}
	
	names = {
		name = "trade_company_mirkwood"
	}
}
trade_company_erebor = {
	color = { 35 53 90 }
	
	provinces = {
        287 1903
        561 537 562 560 535 1022 3174 3341 3563
        1951 1953 531 668 1134 3175 3216
        538 2764 817
        667 706 1990 614
		532 3173 1950 533 530 1954 1952 534 536 3289
        1904 402 528 1902 527 529 3913
	}
	
	names = {
		name = "trade_company_erebor"
	}
}
trade_company_misty_mountains = {
	color = { 41 90 146 }
	
	provinces = {
		738 1585
        1946 1385
        559 1869 3227
        1146 1147 740 739 281 660 290
        741 1390 1129
        1875 1127 1128 558 1126
        1874 1393 1396
        1397 1392 791 1420 746 3347 3534 3531 3535
	}
	
	names = {
		name = "trade_company_misty_mountains"
	}
}
trade_company_vales_of_anduin = {
	color = { 7 246 126 }
	
	provinces = {
		277 1878 
        392 745 280 233 289 1877 389 3156
        742 390 1883
        1882 1884 267
        685 684 393 391 3168 3186
        1887 683 672 673 3169
        394 1886 407 686 1876 3170 3412
        1880 1879 313 318 1140 405 3188
        787 705 1891 3171 3160 3414 3413
        395 1893 396 1890 618 688 3185 3415 3416 3969
	}
	
	names = {
		name = "trade_company_vales_of_anduin"
	}
}
trade_company_grey_mountains = {
	color = { 23 107 104 }
	
	provinces = {
		617 1825 1133 616 885 3176 
        665 549 883 872 3180
        664 3177 3181
        678 3179 1159
        886 619 3182
        1145 662
        663 1885 1139
        752 410
        409
        882 866 3183
	}
	
	names = {
		name = "trade_company_grey_mountains"
	}
}
trade_company_shire = {
	color = { 31 221 93 }
	
	provinces = {
		77 89 90 91 
        72 80 81 82
        73 74 75 76 93 670 1804 
        83 84 85 86 88 92 94 643
        87 648 649
        96 259 299
	}
	
	names = {
		name = "trade_company_shire"
	}
}
trade_company_enedhwaith = {
	color = { 234 88 66 }
	
	provinces = {
		380 1460 1448
        1864 1470 1417 3192 3193
        382 1490 1510
        1452 1506 388 1444 1450 1449
        1312 370 1443 1311 1310 3320 3321
        1492 366 1491 1494 1500 3322 3323 3324 3325 3439
        1457 1453 1473 1431 1357 1472
        1435 1433 1458 1437 378
        1358 376 1459 1446 1436 1471
        1512 1641 1640 1451
        1514 1502 1359
        1865 1859 158 1495 1856 1966
        1861 1447 1454 1455
        377 1464 
        1475 1860 
        369 286 1598 
        288 1476 1468 
        1862 1474 1462 1434  
        1855 1584
        676 1868 3504
        1477 1469 1467 
	}
	
	names = {
		name = "trade_company_enedhwaith"
	}
}
trade_company_eregion = {
	color = { 228 23 20 }
	
	provinces = {
		232 1679
        1590 1589 1394 1583 1582 1681 1588 1587
        1678 1591
        285 1369 282 1866 1368 1365
        1871 1870
        1867 1294 283 1873 1872 1370 1367
	}
	
	names = {
		name = "trade_company_eregion"
	}
}
trade_company_cardolan = {
	color = { 196 185 235 }
	
	provinces = {
		1817 1831 1834 173 261 263 1836 260 264
        1794 3326 1793 3327 1792 152 3437 1857 3436 
        153 3438 3443 154 156
        1795 3195 157 3440 3194 155 100 1807 1806 3968
        339 1788 1789 1790 854
        3435 98 1805
        97 1791 101 1808 1809 3434 1810 164 99
        3207 1799 161 3203 1801 1803 3208 1503 1501 3204
        1796 3441 159 1800 3442 1797
        160 1798 1802 1811 3206 3205
        163 677 170 284 3209
        1493 174 1816 172 171 1499 1497 3432 1815 1498
        1507 1505 1812 166 169 165 162 78 168
        262 107
        105 3431 167 1835
        1580 103
        1407 1415 1406 1424
        298 106 1496 3444
	}
	
	names = {
		name = "trade_company_cardolan"
	}
}
trade_company_arthedain = {
	color = { 133 126 18 }
	
	provinces = {
		3210 1833 300
        265 1595 1594 1592 1581 3430 1832 3429
        381 104 1837 1838
        266 3200 1839
        1596 3428 1578 1576 1840
        253 644 3422 
        1844 379 240 252 239 
        243 241 1847
        1850 1851 1852 3424 3425
        1846 244 1841 1845
        1848 1849 3426 250 245 374 251 373 3197 247
        248 95 1854 249 3427 3198 1843 255
        1853 3423 1863 258 1597 1961 3199 3201
        1389 1842 297
	}
	
	names = {
		name = "trade_company_arthedain"
	}
}
trade_company_rhudaur = {
	color = { 112 207 32 }
	
	provinces = {
		1818 362 3445 301 1819 291 364 227 383 371
        386 226 3446 384 292 1830 293 385
        1442 3448 175 3447
        295 254 3449
        674 3451 1445 1391 257 3452 
        302 1821 1826 1823 359 3450 363
        1419 1422 1416 412 1360 375 1423 2157 1824 3453
        365 1822 294 368 3454 256 3455 367 387 1858
	}
	
	names = {
		name = "trade_company_rhudaur"
	}
}
trade_company_angmar = {
	color = { 42 35 115 }
	
	provinces = {
		610 3456 609 1962 1827 1960
        1438 606 3418 607 605 1439 1956
        1892 3348 687
        1957 608 613
        1482 611
        1958 3419 615
        401 3420
        1485 1427 1829 1486 1488 1489
        1820 1386 689 612 1959 3544
        1388 1828 1593 1382 1381
        628 1889
	}
	
	names = {
		name = "trade_company_angmar"
	}
}
trade_company_numeriador = {
	color = { 226 162 44 }
	
	provinces = {
		356 1091 372 3196 353 354 352
	}
	
	names = {
		name = "trade_company_numeriador"
	}
}
trade_company_lothlann = {
	color = { 56 249 122 }
	
	provinces = {
		234 1065 350 1059 1066 351
	}
	
	names = {
		name = "trade_company_lothlann"
	}
}
trade_company_ered_luin = {
	color = { 127 20 109 }
	
	provinces = {
		236 1084 650 1085 237
        235 1050 1144 3567
        1054 1064
        1053 1056 1057
        1086
        1052 1051 1055
        743 658 657 3496 3497 3572
	}
	
	names = {
		name = "trade_company_ered_luin"
	}
}
trade_company_forlindon = {
	color = { 26 126 114 }
	
	provinces = {
		1404 343 852
        1068 853 344 1400
        1094 3495 1093 3486
        3490 3493 345 3491 1070
        347 348 349
        1092 3485 3492 645 346
        3494 355 3499 3500
	}
	
	names = {
		name = "trade_company_forlindon"
	}
}
trade_company_harlindon = {
	color = { 150 148 212 }
	
	provinces = {
		328 857 329 
        333 646 1061
        332 3498
        331 3488 3489 1062
        330 858 1067 1058
        1087 1095 3487 1060 336 334 416 653
	}
	
	names = {
		name = "trade_company_harlindon"
	}
}
trade_company_lindon = {
	color = { 128 237 237 }
	
	provinces = {
		1096 341 1069 342
        642 855 669 856
        340 671
        357 1088 1082 1089 1090 1083
	}
	
	names = {
		name = "trade_company_lindon"
	}
}
trade_company_tol_fuin = {
	color = { 134 149 33 }
	
	provinces = {
		1063 666
        1343 1356 679 1398 1395
        1387 1344 1405
	}
	
	names = {
		name = "trade_company_tol_fuin"
	}
}
trade_company_sirranwaith = {
	color = { 71 142 30 }
	
	provinces = {
		3457 3458 1814 1813 3202 79
        3433 335
        656 338 337 851
        414 415
	}
	
	names = {
		name = "trade_company_sirranwaith"
	}
}
trade_company_forodwaith = {
	color = { 42 60 110 }
	
	provinces = {
		1964 2759 681 682 620
        1130 640 1894 1888 3417
        680 849 1896 1150 1158 1149
        707 708 3178 3184 1160 1148
	}
	
	names = {
		name = "trade_company_forodwaith"
	}
}
trade_company_forochel = {
	color = { 1 210 102 }
	
	provinces = {
		246 242
        1047 1142
        652 2758 1575 102 358
        1965 1577 2757 1963 651 1570
        296
	}
	
	names = {
		name = "trade_company_forochel"
	}
}
trade_company_northern_waste = {
	color = { 11 90 78 }
	
	provinces = {
		1618 1556 1225 1152 1557 3309
        896 897 894 3310
        1155 1226 892 3311 1154
        1156 893 2760 1619 1167
        1151 1153 3312 1157
        1166 879
        1229 877 2761
        862 1143 2762 3313 2763 3532
        859 1991 2765 2766
        3338 3533
	}
	
	names = {
		name = "trade_company_northern_waste"
	}
}
trade_company_mur_fostisyr = {
	color = { 231 208 152 }
	
	provinces = {
		903 850 1558
        2774 2772 782 2776 2769 2773 2780 2770
        860 878 829 780 2782 3564
        1601 1599 1638 1600 784 1639 1573 1574 
        2779 785 840 777 835 783
        781 599 601
        824 2783 902 2771 2777
        825 2781 823 
        828 2784
        2778 2768 2775 598
	}
	
	names = {
		name = "trade_company_mur_fostisyr"
	}
}
trade_company_barl_syrnac = {
	color = { 112 223 130 }
	
	provinces = {
		704 847 826 2767 3501
        822 776 3503
	}
	
	names = {
		name = "trade_company_barl_syrnac"
	}
}
trade_company_iron_mountains = {
	color = { 149 162 188 }
	
	provinces = {
		1209 861 3557
        786 3349 3541 3556
        820 602
        3337 836 1208
        3558 3552 3565 3537
	}
	
	names = {
		name = "trade_company_iron_mountains"
	}
}
trade_company_harondor = {
	color = { 227 106 130 }
	
	provinces = {
		3236 125 126 3238 3239 3240 124 3237
        133 3296 3245
        3235 3297 1751 132 
        3021 3249 3233 3251
        3250 141 1211 3248 137 3246
        3274 3247 3305 3261
        134 1754 3234 3270 3303
        459 458 3232
        540 3306 3308 3262
        138 3299 3277
        3229 127 1215 3228 1216 1219 3298
        129 3300 3244 3241 455 3302 3242
        1786 123 1752 1753 136 128 1755 3304
        3230 747
        1756 3127 130 3231 1757 1758 3243
        3301 131 1785
	}
	
	names = {
		name = "trade_company_harondor"
	}
}
trade_company_harnendor = {
	color = { 231 208 152 }
	
	provinces = {
		467 470 751 1766 519 144
        472 143 520 750
        1222 468 1767 748
        471 475 3259 1182 3257 3256 
        3258 145 3255 1220 139 3252 3253 142 140 3343
	}
	
	names = {
		name = "trade_company_harnendor"
	}
}
trade_company_khalib = {
	color = { 149 162 188 }
	
	provinces = {
		1762 1217 3265
        460 466 462 3328 478 3271
        1364 1384 1764
        1779 482 480 444
        463 3273 3254 1765 3268 1483 3260 3332
        3329 461 1363
        889 1617 1440
	}
	
	names = {
		name = "trade_company_khalib"
	}
}
trade_company_zhaneen = {
	color = { 51 204 173 }
	
	provinces = {
        484 490 1348 1349 3333
        485 1347 4031 1380 753 479
		498 501 499
        491 483 1361 1441
        1780 873
        503 504 502
        1346 1783 633
        1579 754 792 2954
	}
	
	names = {
		name = "trade_company_zhaneen"
	}
}
trade_company_umbar = {
	color = { 34 25 35 }
	
	provinces = {
		1771 421 1200 1213 3295
        517 430 1478 3102 3099 3292 3293 3294
        1775 659 1187
        1774 3214 429 3215
        424 1772 1773 3291
        1769 425 473
        422 1770 452 3213
        423 3019 428
        427 1778 3212 426
        457 1768 469 3211
        749 1296
        1298 1331 1332
        476 3267 1189 3276
        865 1183
        1186 3275 3104
        1190 1185
        488 521
	}
	
	names = {
		name = "trade_company_umbar"
	}
}
trade_company_khand = {
	color = { 147 20 129 }
	
	provinces = {
		443 477 487 500 1355 1353 1275 442 4032 4034
        440 1276 268 636 1378 1345 3266 1354 2183 1283
        438 437 1221 1291 1278 1284 1282 1281 1280 4033
        1292 1289 435 434 1293 1279 
        1321 809 1610 626 1285 625 622
        454 3263 1763 451
        453 3307 3269 464 450 3264  
        448 449 541 447
        456 1383 3272 1377
	}
	
	names = {
		name = "trade_company_khand"
	}
}
trade_company_chey_sart = {
	color = { 2 80 116 }
	
	provinces = {
		1248 802 1245 770 808 813 838 805 4026 4025
        876 1563 812
        769 1246
        1247 944
        939 940
	}
	
	names = {
		name = "trade_company_chey_sart"
	}
}
trade_company_rhun = {
	color = { 115 216 100 }
	
	provinces = {
		585 3397 593 1745 1747 587 1943 3918 3917
        1945 577 592 591 586 3400 3948
        594 589 3390 1008 3388 1693 588 3923
        3399 590 3924
        3389 1012 1009 582 575 3401
        1277 604 1656 1663 1657
        1694 1676 1658 3404 1675 3403 962
        595 1081 1080 700 3290 1023
        1628 3402 3391 1629 1670 1717 1664 3410 1649 1644
        1250 1626 709 1622
        1650 1645 3407 1430 1651
        3393 571 1627 1672 701
        596 834 3392 819
        1655 1677 3409 775
        831 3411 3408
        3405 830 832
        1659 1646 1665 1662 1666
        1674 895
        1643 3406
	}
	
	names = {
		name = "trade_company_rhun"
	}
}
trade_company_logathavuld = {
	color = { 214 107 52 }
	
	provinces = {
		692 696 695 1955 694
        710 1624 702 3939 3925
        698 1919
        569 841 818 833 703 1623
        697 961 1625 3940
        1949 693 1948 553 3937 3938 3932
        821 699 3398 690
	}
	
	names = {
		name = "trade_company_logathavuld"
	}
}
trade_company_bellakar = {
	color = { 50 44 28 }
	
	provinces = {
		3100 522 1776 868 518 3096
        3098 3097 3101 506 494 1777 1188 497 3122
        3103 513 516 3123
        507 496
        465 1615 508 3125
        495 481 1787 1761
        486 514 3110 1759 525 474 493
        1760 3126 3124 515 631 1328 1297
        800 3119
        804 3112 793 797
        135 799 803 3118 3120 867
        3094 512 766 3115
        771 807 511 3121 
        3093 510 3092 1265 1410 3116
        3113 509 806 1781
        3114 843 1249
        524 632 634 811 842 1184
        3117 798 772 1326 801 3111 1329 635
	}
	
	names = {
		name = "trade_company_bellakar"
	}
}
trade_company_raj = {
	color = {  209 77 153 }
	
	provinces = {
        1107 1097 1112 1106 3091 3365 3376 3373
        1111 3381
        1108 1103 3353 3369 3377 3375
        1076 1075 1073 3368 3374
        1074 1267 1077 1078 3362 3363 3379
        1105 1266 1412 1102 3372
        1099 1079 900 3382 3364 3366 3367 3370 3371
        1071 1072 888 3350
        1098 1101 3378
	}
	
	names = {
		name = "trade_company_raj"
	}
}
trade_company_tulwang = {
	color = { 122 199 155 }
	
	provinces = {
		1116 1309 1132 1119 3352 3383 3384 3380
        1135 1137 1136 1138 1115 1141
        1125 3109 1117 1131
        1120 3107 1124 3106 3105 1123 1114 1122
        3108 1121 1270 1223
        1224 1307 1113 906
        1118 1109 1110 890 3331
        3351
	}
	
	names = {
		name = "trade_company_tulwang"
	}
}
trade_company_sirayn = {
	color = { 134 123 147 }
	
	provinces = {
		1201 1198 1535 1536
        1532 905 1193 1199 1539 1191 1504 1244 1271 3943
        765 638 1196 1212 523 1242 1231 1272 1530 1235
        1243 1533 1241 1202
        1194 1782 1195 637 1534 1192
        794 758 788 441 2756 881 884 1531
        870 1173 1214 1232 869 1233 1562 1560 880 871
        1273 1561 1268
        1180 727 1784 1402 1695 1295
	}
	
	names = {
		name = "trade_company_sirayn"
	}
}
trade_company_ardor = {
	color = { 1 135 129 }
	
	provinces = {
		1236 3354
        1484 1177 1172 1240 1528
        1697 1178
        1175 1176 1174 1698
        1204 1529
        1237 3226
        1238 1239 
        1525 1234
        1230 1519
        1203 1207 3942
        1206 1205
	}
	
	names = {
		name = "trade_company_ardor"
	}
}
trade_company_harshandatt = {
	color = { 72 7 239 }
	
	provinces = {
		1372 1742 1375 1319 1323 1327 1324 1743 1325
        1373 1379 1374 1181 1376 1165 
        1169 3012 3335 1333 1330 887
        1299 1611 1317 1334 1399 1371 795 1401 891
        1620 1342 1621 1287 1339 
        1362
        1286 1340 1164 1163 1288 1162 1341 1104
        1338 1318 1170 1337 1336 1171 
        1614 1616 1320 1350 1352 1612 1351 1335 1613
	}
	
	names = {
		name = "trade_company_harshandatt"
	}
}
trade_company_clyan = {
	color = { 20 34 54 }
	
	provinces = {
		2955 1252 2952 2960 2961 942
        2919 2946 2948 2950 2949
	}
	
	names = {
		name = "trade_company_clyan"
	}
}
trade_company_chy = {
	color = { 12 132 216 }
	
	provinces = {
		2951 1403 1263 1465
        755 1260
        789 2917 2947 1264 2918 1262
        1253 2909 1413 1411
        1161 1261 2908 2915 2968 2916 756
        1258 2953 1259 1463 2907
        2922 1466 2967
        2906 946 2910 2905
        864 2912
        2921 875 759 945 2928 2931
        1456 760 2939 2924 2938 2934 2933 2932
        2914 790 1461
        2913 947 2920 2927
        2942 1408 1254 2943
        2926 1414 2925
        1255 1256 2935 2936 2937 2941 2940
	}
	
	names = {
		name = "trade_company_chy"
	}
}
trade_company_foryardyr = {
	color = { 126 100 70 }
	
	provinces = {
		2786 839
        600 2787 2324
        844 816 2785 3553
        1432 778 1251 779
        898 969 968
	}
	
	names = {
		name = "trade_company_foryardyr"
	}
}
trade_company_nurad = {
	color = { 236 227 45 }
	
	provinces = {
		814 773 909 1228 1227 1689
        1322 1586
        904 774 810 1725 1652 4027
	}
	
	names = {
		name = "trade_company_nurad"
	}
}
trade_company_daath = {
	color = { 12 104 106 }
	
	provinces = {
		1301 767 1300 3018 863 1565 4024
        2966 2965 1542 2958 2959
        1543 1706 2997 1428 2996 1669 2995
        1671 2994 1668 
        1723 1691 1609 1690 1608 1511 1513
        1545 1544 1555
        1727 1728 1729
        1722 1509 2094
        1705 1630 1688 1479 1718 1566 1605 3559 4029 4030
        1673 1667 1631
        1516 1546 2894 2895 1515 1480
	}
	
	names = {
		name = "trade_company_daath"
	}
}
trade_company_acaana = {
	color = { 22 60 27 }
	
	provinces = {
		936 943 2929 935
        1429 3286 2075 1548 955 2098
        2076 2095 2081 2082 2083 2093 2092 2088 2089
        937 2097 2077
        1701 2975 3288
        951 1538 2974 1540 3278
        1553 2976 2990 3285
        1748 2979 1746 1520
        837 3344 3340 1274 3530
        3013 3345 3339 
        3346 630 629
        959 492 2944 2962 2945
        2911 2963 938
        2964 3336 933 1696 2923 2930 3502
        505 2977 2978 2983
        932 2980 757
        941 2956 2957
	}
	
	names = {
		name = "trade_company_acaana"
	}
}
trade_company_kraw = {
	color = { 172 245 41 }
	
	provinces = {
		2140 3459 3460 2139 2141
        2896 2137 2138 2142
        2897 2903 2898 2899 2901 2900 2902 4043 4042
        2893 2891 2890 2892 2889
        1719 2836 3569 3570 1726 1721 4046
	}
	
	names = {
		name = "trade_company_kraw"
	}
}
trade_company_rycolis = {
	color = { 176 110 10 }
	
	provinces = {
		1571 2828 2834 2827 4028
        2327 1632
        1709 2833 3536
        1661 1715 2323 1716 1720
	}
	
	names = {
		name = "trade_company_rycolis"
	}
}
trade_company_erza = {
	color = { 29 66 135 }
	
	provinces = {
		2861 2860 2850
        2885 2886 2887 2888 2884 3946
        2846 2847
	}
	
	names = {
		name = "trade_company_erza"
	}
}
trade_company_mitheryn = {
	color = { 63 121 230 }
	
	provinces = {
		1707 3562 984 1708 972
        1653 1703 970 3597
        1647 1654 1635 1636
        973 1660 1648 3598
        974 976 975
        2830 2831 2829 3550
        2825 2826 2824
        2799 3016 971 1031
        1572 3548
        3560 3561 2832 3549
        3015 2791 2790 2789 2788
        1029 1682 964 3967
        2792 2793
	}
	
	names = {
		name = "trade_company_mitheryn"
	}
}
trade_company_urd = {
	color = { 240 240 240 }
	
	provinces = {
		2796 2795 2800 2797 3965 3966
        2810 2809 2811 2808
        2812 1487 3596
        1603 1602 2818 2798
        2794 2806 2817 1508
        2802 2801 2803 2804 2805
        2822 2821 2820 2823 2845
        2840 2841 2839
	}
	
	names = {
		name = "trade_company_urd"
	}
}
trade_company_illuin_wood = {
	color = { 28 149 61 }
	
	provinces = {
		2849 2848 3017 2842
        2855 2851 2853 2852 3595
        2856 2854 2858 3949
        2819 2813 2815 2814 2816 3964
        1481 1569 1523 1036
        2838 2837 2018 3941
	}
	
	names = {
		name = "trade_company_illuin_wood"
	}
}
trade_company_codya = {
	color = { 107 178 22 }
	
	provinces = {
		911 3002 910 958 2999 3000 3003 
        914 915
        919 920 922
        931 926
        957 2844 912 2843 913 2998
        925 928 3007 3001 3009 3010
        3004 2993 3005 917 916
        3284 3006 3287
        921 918 3008 1724
        2984 1257 2970 2969 762 761 
        763 439 764
        796 2972 949 2971 2985 1549 2982 2981 2987 2986
        950 948 930 489 2988 927 929 2989
        2973 901 899
	}
	
	names = {
		name = "trade_company_codya"
	}
}
trade_company_lyneria = {
	color = { 106 30 147 }
	
	provinces = {
        1269 1732 1699
        1526 1537 934
        1559 1733 1179 1749 908
        1197 1518
        3477 2102 3476
        1604 1637 1740 1700
        1517 1702 1741 
        2091 2099 954 2084 2090
        2096 2079 2080 2085 1524
        2078 2087 2086
        2100 3608 3574
	}
	
	names = {
		name = "trade_company_lyneria"
	}
}
trade_company_thuriac_codya = {
	color = { 180 32 43 }
	
	provinces = {
		1684 1710
        1980 1981 1985 1987 1988 1986 1983 1979 
        1982 1975 1978 1977 
        1685 1712 1713 1290 2835 603 815 1711 1984
        1970 1969 597 1974
        1972 1971 1973 1976
        1683 584 1989 1567
        1568
        3528
	}
	
	names = {
		name = "trade_company_thuriac_codya"
	}
}
trade_company_romenear_isles = {
	color = { 120 185 202 }
	
	provinces = {
		1030 3509 3507 3505 3508 3506
        1034 1035 1037 1033
        1040 1027 1041 1038 1039  3947
        1028
	}
	
	names = {
		name = "trade_company_romenear_isles"
	}
}
trade_company_orocarni = {
	color = { 176 136 51 }
	
	provinces = {
		2016 3520 3521 3519
        3566 3523 3524 3571
        3517 2019 3516 3357 3358 3355 3518 3515
        3514 3510 3511 3512 3513 4013
        3527 3526 4047
        2859 3525 3555 2870
        3547 2869 2866 3944 4049
	}
	
	names = {
		name = "trade_company_orocarni"
	}
}
trade_company_merisia = {
	color = { 100 129 141 }
	
	provinces = {
		2880 2882 2881 2878 2879
        2865 2864 2863 2857 2862
        2868 2867
        2873 2871 2872 2876 3546
        2877 2875 2883
	}
	
	names = {
		name = "trade_company_merisia"
	}
}
trade_company_womawas_drus = {
	color = { 190 26 55 }
	
	provinces = {
		3955 3954 3958 3959 3960 3983 4050 3957
        3956 3962 3976 3977 3978 4035
        3982 3973 3971 3972 3975 3979 3974 3970
        3984 3981 3987 3986 3985 3980 4036 4037
        2874 4051 4038 4040 4039 4048
        3963 3961 3988 3953
        4012 3997 3991 3996 3995 3992 3993 3994 3990 3989
	}
	
	names = {
		name = "trade_company_womawas_drus"
	}
}
trade_company_aegan = {
	color = { 135 163 92 }
	
	provinces = {
		4017 4022 4021 4011 4016 4014 4020 4015 4007 3998
        4004 4023 4005
        4010 4008 4009
        4006 4001 4002 4019 4003 3999 4018 4000 3607
	}
	
	names = {
		name = "trade_company_aegan"
	}
}
trade_company_numenor = {
	color = { 90 22 221 }
	
	provinces = {
		3611
	}
	
	names = {
		name = "trade_company_numenor"
	}
}
trade_company_shelflands = {
	color = { 32 209 46 }
	
	provinces = {
		2010 2009 2008 2006 2005 3538 3545 3540
        2054 2015
        2041 2040 2038
        2063 2065 2064 2066 2069 2062 2061 2057 2067
        2050 2051 2053 2052
        2049 2056 2055
        2070 2071 2072 2074
        2042 2036 2073
        2119 2118 2117 2116 2115
        2107 2110 2111
        2105 2109 2106
        2114 2113 2112 2108
        1999 2001 2000 3577
        2029 2031 2030 2039
        2047 2045 2002 2044 2043 2037 2003
        2058 2068 2060 2059 2992
        2123 2104 3579 3580 3578
        965 966 956
        960 967
        2026 2025 2023
        2035 2034 2033 2046 2032 2027 2028
        3610 3604 3605 3606 3603
	}
	
	names = {
		name = "trade_company_shelflands"
	}
}
trade_company_orosuli = {
	color = { 164 38 100 }
	
	provinces = {
        2024 2048 1998 3586
        1714 3356 3539
        3342 2013 3554
        2012 2011 2014
        2004 2007 3543 3529 3542 3568
        3575 3576
	}
	
	names = {
		name = "trade_company_orosuli"
	}
}
trade_company_sakal = {
	color = { 118 83 249 }
	
	provinces = {
		1992 1994 2122 2129 4044
        2128 2131 2130 1995 1993 1210 3591
        1996 1997 3589 3590
        2101 2103 3602 3587 3594 3593 3592 4041
        2150 3582 3583 3584 3585
        3461 3468 1564 3588
        1550 827 2991 1704
        3463 1522 1547 3462 
        3464 3466 1739 953
        3469 3467 952 3465
        1541 1552 1527 1521 
        3472 2132 907 3945
        3475 3474 3473 1409
        3470 3471 1554 924 923
        3283 3279 2127 3280 2126 3281 3282 2125 2124 3581
        3609 1551
	}
	
	names = {
		name = "trade_company_sakal"
	}
}
trade_company_ralian = {
	color = { 27 129 61 }
	
	provinces = {
		2143 2135 2136
        3480 2152 2144
        2145 2153
        2155 2156 2154
        2147 3482 3483
        2322 3481 3478 4045
        2149 3479
        2020 2021 2120 2148 2022 2121
        2151 2017 3484 2146
        2904
	}
	
	names = {
		name = "trade_company_ralian"
	}
}